time_s,rms,peak
0.0,0.0,0.0
0.02,0.0,0.0
0.04,0.0,0.0
0.06,0.0,0.0
0.08,0.0,0.0
0.1,0.0,0.0
0.12,0.0,0.0
0.14,0.0,0.0
0.16,0.0,0.0
0.18,0.0,0.0
0.2,0.0,0.0
0.22,0.0,0.0
0.24,0.0,0.0
0.26,0.0,0.0
0.28,0.0,0.0
0.3,0.0,0.0
0.32,0.0,0.0
0.34,0.0,0.0
0.36,0.0,0.0
0.38,0.0,0.0
0.4,0.0,0.0
0.42,0.0018118744,0.00958251953125
0.44,0.0052458397,0.01239013671875
0.46,0.04934302,0.267547607421875
0.48,0.06524808,0.267547607421875
0.5,0.06225503,0.175384521484375
0.52,0.05144192,0.1597900390625
0.54,0.041599646,0.148193359375
0.56,0.05893615,0.28656005859375
0.58,0.06972003,0.28656005859375
0.6,0.066881105,0.192596435546875
0.62,0.05768867,0.176300048828125
0.64,0.044546794,0.17132568359375
0.66,0.03215671,0.092681884765625
0.68,0.029648283,0.0888671875
0.7,0.02706636,0.0888671875
0.72,0.02426885,0.077178955078125
0.74,0.02216378,0.07257080078125
0.76,0.021034302,0.07257080078125
0.78,0.018813295,0.056610107421875
0.8,0.01841587,0.05548095703125
0.82,0.01746567,0.053009033203125
0.84,0.016302837,0.053009033203125
0.86,0.013972945,0.043914794921875
0.88,0.012489572,0.03851318359375
0.9,0.015888454,0.091766357421875
0.92,0.05032104,0.215484619140625
0.94,0.115466066,0.441619873046875
0.96,0.16774932,0.504241943359375
0.98,0.18872869,0.504241943359375
1.0,0.16987309,0.504241943359375
1.02,0.1561915,0.540618896484375
1.04,0.13857056,0.540618896484375
1.06,0.12309426,0.540618896484375
1.08,0.11133489,0.23870849609375
1.1,0.111015566,0.23870849609375
1.12,0.09324033,0.234405517578125
1.14,0.06812149,0.234405517578125
1.16,0.047235824,0.142608642578125
1.18,0.03281567,0.10003662109375
1.2,0.030252187,0.099884033203125
1.22,0.039500386,0.192535400390625
1.24,0.07958243,0.312652587890625
1.26,0.10078322,0.312652587890625
1.28,0.14248769,0.43487548828125
1.3,0.17566447,0.461761474609375
1.32,0.1776525,0.480560302734375
1.34,0.15362217,0.480560302734375
1.36,0.12948121,0.38311767578125
1.38,0.11569717,0.38311767578125
1.4,0.0964257,0.241485595703125
1.42,0.07724496,0.188690185546875
1.44,0.060451094,0.128509521484375
1.46,0.048660606,0.112335205078125
1.48,0.03623691,0.09222412109375
1.5,0.022891056,0.089508056640625
1.52,0.012358932,0.0335693359375
1.54,0.011350681,0.04443359375
1.56,0.01776012,0.078094482421875
1.58,0.021152621,0.078094482421875
1.6,0.05514887,0.19598388671875
1.62,0.10624494,0.292938232421875
1.64,0.13796584,0.418243408203125
1.66,0.1450917,0.418243408203125
1.68,0.13837588,0.42974853515625
1.7,0.113724984,0.42974853515625
1.72,0.087271206,0.282989501953125
1.74,0.064886846,0.19970703125
1.76,0.05447226,0.136749267578125
1.78,0.049997106,0.127349853515625
1.8,0.057353992,0.1754150390625
1.82,0.066047944,0.18499755859375
1.84,0.06886499,0.185821533203125
1.86,0.046938978,0.185821533203125
1.88,0.021085344,0.125335693359375
1.9,0.007946146,0.02996826171875
1.92,0.012368485,0.062408447265625
1.94,0.015566855,0.062408447265625
1.96,0.045511346,0.27667236328125
1.98,0.09460617,0.368255615234375
2.0,0.13116828,0.380279541015625
2.02,0.13446414,0.380279541015625
2.04,0.11704776,0.378662109375
2.06,0.09659389,0.263885498046875
2.08,0.07009765,0.231353759765625
2.1,0.03951543,0.1685791015625
2.12,0.015031432,0.086273193359375
2.14,0.0092707705,0.028564453125
2.16,0.008607921,0.028564453125
2.18,0.0077404496,0.024688720703125
2.2,0.007766932,0.024688720703125
2.22,0.0065332577,0.021026611328125
2.24,0.0047133244,0.017120361328125
2.26,0.00413348,0.014007568359375
2.28,0.006552778,0.0306396484375
2.3,0.033815883,0.2310791015625
2.32,0.09336966,0.32977294921875
2.34,0.12680148,0.32977294921875
2.36,0.122786485,0.32977294921875
2.38,0.100767456,0.31256103515625
2.4,0.08757075,0.2666015625
2.42,0.07812692,0.204132080078125
2.44,0.06908543,0.204132080078125
2.46,0.060282018,0.15899658203125
2.48,0.054027505,0.1507568359375
2.5,0.04713549,0.139892578125
2.52,0.03934287,0.10675048828125
2.54,0.030596208,0.105804443359375
2.56,0.015763966,0.076568603515625
2.58,0.0093143815,0.058837890625
2.6,0.010089585,0.058837890625
2.62,0.020506836,0.11712646484375
2.64,0.050414834,0.206787109375
2.66,0.08573526,0.2928466796875
2.68,0.10180237,0.29876708984375
2.7,0.09715813,0.29876708984375
2.72,0.08867798,0.2559814453125
2.74,0.080434375,0.24432373046875
2.76,0.06543787,0.24432373046875
2.78,0.03991809,0.182647705078125
2.8,0.020064777,0.112884521484375
2.82,0.0064524924,0.02294921875
2.84,0.0051427083,0.016265869140625
2.86,0.0059554637,0.016357421875
2.88,0.0064246934,0.016357421875
2.9,0.008172808,0.03155517578125
2.92,0.013683918,0.04547119140625
2.94,0.021095729,0.064056396484375
2.96,0.03306217,0.158935546875
2.98,0.07227336,0.287261962890625
3.0,0.121724986,0.336578369140625
3.02,0.13313685,0.336578369140625
3.04,0.109201185,0.309967041015625
3.06,0.088759355,0.285888671875
3.08,0.07108526,0.270660400390625
3.1,0.050967608,0.2281494140625
3.12,0.030240789,0.186004638671875
3.14,0.012965975,0.095367431640625
3.16,0.006979592,0.025177001953125
3.18,0.008138091,0.0263671875
3.2,0.012803375,0.078643798828125
3.22,0.0609346,0.264495849609375
3.24,0.08558393,0.264678955078125
3.26,0.0896165,0.264678955078125
3.28,0.08326939,0.255340576171875
3.3,0.10454561,0.407318115234375
3.32,0.13041265,0.407318115234375
3.34,0.14215358,0.407318115234375
3.36,0.14537123,0.39788818359375
3.38,0.14987192,0.340789794921875
3.4,0.14866564,0.340789794921875
3.42,0.14006037,0.319488525390625
3.44,0.12975615,0.319488525390625
3.46,0.10270191,0.266357421875
3.48,0.089869246,0.266357421875
3.5,0.07445871,0.266357421875
3.52,0.057213176,0.173736572265625
3.54,0.04482914,0.173736572265625
3.56,0.04275448,0.154693603515625
3.58,0.043911003,0.154693603515625
3.6,0.038559653,0.10906982421875
3.62,0.043254327,0.10906982421875
3.64,0.04779514,0.12957763671875
3.66,0.07446826,0.323638916015625
3.68,0.17033848,0.57958984375
3.7,0.23032668,0.67364501953125
3.72,0.23927774,0.67364501953125
3.74,0.22509071,0.6134033203125
3.76,0.21911462,0.6134033203125
3.78,0.22359954,0.57281494140625
3.8,0.20936812,0.526092529296875
3.82,0.16720982,0.482879638671875
3.84,0.12918194,0.4095458984375
3.86,0.09949724,0.277313232421875
3.88,0.072357945,0.224884033203125
3.9,0.04677051,0.128753662109375
3.92,0.052889086,0.1912841796875
3.94,0.059584107,0.21649169921875
3.96,0.06699472,0.21649169921875
3.98,0.07104552,0.217559814453125
4.0,0.06659507,0.24603271484375
4.02,0.07812419,0.3197021484375
4.04,0.098992534,0.382476806640625
4.06,0.10091879,0.382476806640625
4.08,0.08518189,0.240142822265625
4.1,0.07690816,0.218994140625
4.12,0.059081625,0.216522216796875
4.14,0.019062573,0.105255126953125
4.16,0.013800606,0.044525146484375
4.18,0.013493845,0.044525146484375
4.2,0.014806317,0.056640625
4.22,0.02499078,0.10284423828125
4.24,0.04174423,0.176788330078125
4.26,0.05247086,0.176788330078125
4.28,0.056695778,0.172332763671875
4.3,0.059320405,0.18145751953125
4.32,0.05857695,0.18145751953125
4.34,0.05203645,0.178680419921875
4.36,0.08151953,0.3758544921875
4.38,0.1095886,0.3758544921875
4.4,0.11406518,0.3758544921875
4.42,0.09579934,0.273406982421875
4.44,0.08729899,0.256744384765625
4.46,0.06727987,0.256744384765625
4.48,0.032065205,0.191986083984375
4.5,0.03268558,0.147613525390625
4.52,0.042115856,0.147613525390625
4.54,0.043881677,0.147613525390625
4.56,0.05581265,0.184478759765625
4.58,0.059072215,0.184478759765625
4.6,0.043337516,0.168487548828125
4.62,0.014325817,0.069000244140625
4.64,0.010990865,0.042388916015625
4.66,0.020751592,0.10968017578125
4.68,0.046749957,0.20831298828125
4.7,0.081921205,0.309906005859375
4.72,0.11243537,0.314605712890625
4.74,0.12246366,0.314605712890625
4.76,0.1085809,0.3035888671875
4.78,0.101097286,0.2877197265625
4.8,0.09361345,0.273590087890625
4.82,0.07171881,0.259246826171875
4.84,0.04586565,0.20477294921875
4.86,0.0152392285,0.082489013671875
4.88,0.0099432925,0.03302001953125
4.9,0.008869155,0.02978515625
4.92,0.010677917,0.030609130859375
4.94,0.011743202,0.030609130859375
4.96,0.0135427965,0.036468505859375
4.98,0.023280352,0.116668701171875
5.0,0.05861172,0.264495849609375
5.02,0.08656828,0.301849365234375
5.04,0.10856738,0.332000732421875
5.06,0.11555877,0.332000732421875
5.08,0.12623683,0.325439453125
5.1,0.13912585,0.31597900390625
5.12,0.15091749,0.31170654296875
5.14,0.14906982,0.31170654296875
5.16,0.11412879,0.271331787109375
5.18,0.06497329,0.249114990234375
5.2,0.04237308,0.157867431640625
5.22,0.061412152,0.1612548828125
5.24,0.05625067,0.1612548828125
5.26,0.019603197,0.089141845703125
5.28,0.013071884,0.06298828125
5.3,0.014497046,0.06298828125
5.32,0.023649856,0.11138916015625
5.34,0.04552635,0.17193603515625
5.36,0.075506166,0.23187255859375
5.38,0.09225045,0.254730224609375
5.4,0.099890456,0.2618408203125
5.42,0.094480924,0.2618408203125
5.44,0.09168905,0.2618408203125
5.46,0.08131965,0.233245849609375
5.48,0.064009525,0.218017578125
5.5,0.0351484,0.173919677734375
5.52,0.011386084,0.042388916015625
5.54,0.009588907,0.0296630859375
5.56,0.008880718,0.023956298828125
5.58,0.012179774,0.0491943359375
5.6,0.015880011,0.0491943359375
5.62,0.01829042,0.0491943359375
5.64,0.025933327,0.09918212890625
5.66,0.05744486,0.26995849609375
5.68,0.10499983,0.325836181640625
5.7,0.12407682,0.325836181640625
5.72,0.11871331,0.328155517578125
5.74,0.12189167,0.328155517578125
5.76,0.114283875,0.328155517578125
5.78,0.0938183,0.28277587890625
5.8,0.07000571,0.2623291015625
5.82,0.042738784,0.197265625
5.84,0.021348244,0.142486572265625
5.86,0.0148470905,0.05682373046875
5.88,0.012658911,0.04119873046875
5.9,0.034108754,0.30352783203125
5.92,0.06827631,0.30352783203125
5.94,0.08568823,0.30352783203125
5.96,0.08371123,0.2314453125
5.98,0.08081168,0.2314453125
6.0,0.09597425,0.41912841796875
6.02,0.111713864,0.41912841796875
6.04,0.120192386,0.41912841796875
6.06,0.1171983,0.322418212890625
6.08,0.12016055,0.3271484375
6.1,0.14082527,0.354156494140625
6.12,0.1411142,0.354156494140625
6.14,0.1337846,0.31689453125
6.16,0.107111216,0.25933837890625
6.18,0.072591335,0.259185791015625
6.2,0.046361875,0.153656005859375
6.22,0.034688406,0.1038818359375
6.24,0.029712401,0.097259521484375
6.26,0.03442548,0.097259521484375
6.28,0.038188227,0.09454345703125
6.3,0.041856844,0.09454345703125
6.32,0.04287484,0.09454345703125
6.34,0.049989156,0.226531982421875
6.36,0.1260871,0.61688232421875
6.38,0.16375664,0.61688232421875
6.4,0.19314325,0.61688232421875
6.42,0.1997511,0.684417724609375
6.44,0.20265529,0.684417724609375
6.46,0.18073963,0.495208740234375
6.48,0.17413898,0.530487060546875
6.5,0.15668623,0.530487060546875
6.52,0.124163926,0.38372802734375
6.54,0.10333523,0.371978759765625
6.56,0.082632735,0.371978759765625
6.58,0.062570125,0.223388671875
6.6,0.03976005,0.1258544921875
6.62,0.037391204,0.112396240234375
6.64,0.04021675,0.112396240234375
6.66,0.037018117,0.1015625
6.68,0.040230986,0.14599609375
6.7,0.067807876,0.2281494140625
6.72,0.10146439,0.34283447265625
6.74,0.11621198,0.34283447265625
6.76,0.111640856,0.34246826171875
6.78,0.10747893,0.330902099609375
6.8,0.107048005,0.2940673828125
6.82,0.09804943,0.25897216796875
6.84,0.08143575,0.25592041015625
6.86,0.06523697,0.213226318359375
6.88,0.05121375,0.180755615234375
6.9,0.039232813,0.121551513671875
6.92,0.038241543,0.103668212890625
6.94,0.042085983,0.113555908203125
6.96,0.046413444,0.113555908203125
6.98,0.047062557,0.117919921875
7.0,0.047286425,0.117919921875
7.02,0.056592744,0.243377685546875
7.04,0.10318149,0.334747314453125
7.06,0.11940561,0.334747314453125
7.08,0.10942306,0.298309326171875
7.1,0.11705471,0.298309326171875
7.12,0.12811361,0.32110595703125
7.14,0.10498558,0.32110595703125
7.16,0.04115625,0.23480224609375
7.18,0.026932277,0.12237548828125
7.2,0.038612198,0.13873291015625
7.22,0.044773,0.13873291015625
7.24,0.04523939,0.115478515625
7.26,0.04540333,0.143341064453125
7.28,0.03731698,0.143341064453125
7.3,0.018141812,0.076019287109375
7.32,0.018567178,0.050048828125
7.34,0.019832173,0.071563720703125
7.36,0.02711985,0.1143798828125
7.38,0.07178699,0.317230224609375
7.4,0.1050853,0.317230224609375
7.42,0.113699324,0.317230224609375
7.44,0.096079305,0.30914306640625
7.46,0.087207735,0.246368408203125
7.48,0.07691201,0.246368408203125
7.5,0.055547915,0.2203369140625
7.52,0.032675438,0.166229248046875
7.54,0.011027144,0.030181884765625
7.56,0.011459332,0.034637451171875
7.58,0.012183413,0.035736083984375
7.6,0.0144887185,0.035736083984375
7.62,0.014553317,0.034942626953125
7.64,0.012441712,0.034942626953125
7.66,0.011576886,0.041473388671875
7.68,0.015018043,0.047882080078125
7.7,0.08158436,0.26629638671875
7.72,0.17678005,0.44415283203125
7.74,0.23688294,0.61944580078125
7.76,0.2250785,0.61944580078125
7.78,0.19166036,0.514007568359375
7.8,0.16017723,0.394317626953125
7.82,0.147525,0.32293701171875
7.84,0.14878589,0.32293701171875
7.86,0.15091999,0.31915283203125
7.88,0.123854354,0.29443359375
7.9,0.07335169,0.246307373046875
7.92,0.029221091,0.0997314453125
7.94,0.033771284,0.1046142578125
7.96,0.033183873,0.1046142578125
7.98,0.016055599,0.0450439453125
8.0,0.017787436,0.0450439453125
8.02,0.019894456,0.047271728515625
8.04,0.03160212,0.1239013671875
8.06,0.06367348,0.2415771484375
8.08,0.105465226,0.28521728515625
8.1,0.11532726,0.28521728515625
8.12,0.096099004,0.22314453125
8.14,0.08472128,0.22216796875
8.16,0.07428211,0.1798095703125
8.18,0.07037204,0.1798095703125
8.2,0.057767052,0.1798095703125
8.22,0.0343235,0.14520263671875
8.24,0.014734227,0.048065185546875
8.26,0.012089929,0.040679931640625
8.28,0.011265143,0.03546142578125
8.3,0.011682004,0.03857421875
8.32,0.015103324,0.04876708984375
8.34,0.021635327,0.077117919921875
8.36,0.043803018,0.216033935546875
8.38,0.111069925,0.336151123046875
8.4,0.14307016,0.375335693359375
8.42,0.13600919,0.375335693359375
8.44,0.10545258,0.28192138671875
8.46,0.08335773,0.2237548828125
8.48,0.06344483,0.2073974609375
8.5,0.038963955,0.166473388671875
8.52,0.018327162,0.093841552734375
8.54,0.01423616,0.038818359375
8.56,0.014622049,0.038848876953125
8.58,0.01687875,0.053314208984375
8.6,0.033658158,0.136932373046875
8.62,0.042477664,0.136932373046875
8.64,0.036975954,0.136932373046875
8.66,0.02456205,0.0738525390625
8.68,0.025117213,0.0870361328125
8.7,0.05461316,0.2119140625
8.72,0.10891358,0.28607177734375
8.74,0.12365605,0.28607177734375
8.76,0.101438865,0.28607177734375
8.78,0.06817198,0.18218994140625
8.8,0.059420053,0.177581787109375
8.82,0.05437776,0.141998291015625
8.84,0.051044762,0.14776611328125
8.86,0.044900388,0.14776611328125
8.88,0.04286987,0.11834716796875
8.9,0.05346592,0.14044189453125
8.92,0.05530998,0.14044189453125
8.94,0.050098203,0.14044189453125
8.96,0.039057206,0.1143798828125
8.98,0.030630616,0.08441162109375
9.0,0.034825545,0.127410888671875
9.02,0.08866685,0.3564453125
9.04,0.14752264,0.371246337890625
9.06,0.1658042,0.371246337890625
9.08,0.1370022,0.32611083984375
9.1,0.11912039,0.320159912109375
9.12,0.102869965,0.30413818359375
9.14,0.08016516,0.2864990234375
9.16,0.050847765,0.197601318359375
9.18,0.02812027,0.141815185546875
9.2,0.016687827,0.08929443359375
9.22,0.013295383,0.046875
9.24,0.013505854,0.046875
9.26,0.014728931,0.042938232421875
9.28,0.015096444,0.0528564453125
9.3,0.013679662,0.0528564453125
9.32,0.011362448,0.04071044921875
9.34,0.010935811,0.0345458984375
9.36,0.048871465,0.516143798828125
9.38,0.14728466,0.584259033203125
9.4,0.1926108,0.584259033203125
9.42,0.20179386,0.584259033203125
9.44,0.1883106,0.520263671875
9.46,0.14946492,0.428070068359375
9.48,0.12880924,0.428070068359375
9.5,0.11359674,0.3916015625
9.52,0.09418383,0.270172119140625
9.54,0.07426457,0.270172119140625
9.56,0.058391865,0.18438720703125
9.58,0.059772268,0.227935791015625
9.6,0.078192934,0.2698974609375
9.62,0.089163944,0.2698974609375
9.64,0.084180996,0.21417236328125
9.66,0.069365434,0.192535400390625
9.68,0.06522871,0.192108154296875
9.7,0.092157446,0.32281494140625
9.72,0.121723555,0.338623046875
9.74,0.12236977,0.338623046875
9.76,0.09154181,0.276580810546875
9.78,0.08892751,0.264129638671875
9.8,0.0843489,0.264129638671875
9.82,0.07306238,0.2315673828125
9.84,0.055560093,0.207977294921875
9.86,0.044588856,0.195556640625
9.88,0.033814926,0.128662109375
9.9,0.026653318,0.072906494140625
9.92,0.02310943,0.070556640625
9.94,0.019368336,0.06475830078125
9.96,0.017617116,0.04547119140625
9.98,0.015672732,0.04547119140625
10.0,0.013638336,0.043243408203125
10.02,0.015103395,0.049835205078125
10.04,0.023471568,0.1593017578125
10.06,0.06773851,0.3651123046875
10.08,0.16078919,0.593353271484375
10.1,0.20622171,0.593353271484375
10.12,0.2032037,0.55169677734375
10.14,0.16086444,0.55169677734375
10.16,0.1340908,0.37261962890625
10.18,0.11305214,0.37261962890625
10.2,0.100085266,0.37261962890625
10.22,0.08722292,0.2630615234375
10.24,0.07237344,0.2630615234375
10.26,0.057506163,0.169189453125
10.28,0.06654605,0.188568115234375
10.3,0.068283334,0.188568115234375
10.32,0.053981517,0.181549072265625
10.34,0.038504124,0.106719970703125
10.36,0.034050807,0.09039306640625
10.38,0.032656323,0.092254638671875
10.4,0.039048504,0.105438232421875
10.42,0.056045238,0.24383544921875
10.44,0.0861409,0.263092041015625
10.46,0.11586688,0.305389404296875
10.48,0.12814504,0.305389404296875
10.5,0.11968298,0.305389404296875
10.52,0.10302916,0.28900146484375
10.54,0.08472225,0.2535400390625
10.56,0.06080469,0.229034423828125
10.58,0.033510573,0.164276123046875
10.6,0.014896853,0.0418701171875
10.62,0.013111816,0.0382080078125
10.64,0.014609641,0.04290771484375
10.66,0.01575226,0.04290771484375
10.68,0.015541339,0.04583740234375
10.7,0.014822142,0.04583740234375
10.72,0.021916727,0.1380615234375
10.74,0.0812792,0.445526123046875
10.76,0.1435648,0.52691650390625
10.78,0.16254051,0.52691650390625
10.8,0.15132803,0.44189453125
10.82,0.12713043,0.44189453125
10.84,0.11963676,0.44189453125
10.86,0.09590913,0.294158935546875
10.88,0.07861681,0.263397216796875
10.9,0.06785166,0.20452880859375
10.92,0.062257953,0.192779541015625
10.94,0.06643396,0.246826171875
10.96,0.075834334,0.246826171875
10.98,0.09155991,0.248687744140625
11.0,0.10425874,0.27801513671875
11.02,0.10577409,0.27801513671875
11.04,0.102161564,0.2957763671875
11.06,0.08899413,0.2957763671875
11.08,0.08182512,0.237335205078125
11.1,0.07317708,0.192352294921875
11.12,0.059026223,0.1900634765625
11.14,0.039599758,0.152069091796875
11.16,0.02759798,0.0888671875
11.18,0.02146735,0.06756591796875
11.2,0.019735018,0.06170654296875
11.22,0.01623587,0.05572509765625
11.24,0.01502859,0.05572509765625
11.26,0.015587593,0.05572509765625
11.28,0.013357632,0.044677734375
11.3,0.03097457,0.19989013671875
11.32,0.0846408,0.316497802734375
11.34,0.13849431,0.391998291015625
11.36,0.15295176,0.391998291015625
11.38,0.11456145,0.3450927734375
11.4,0.084350005,0.296112060546875
11.42,0.109780595,0.48248291015625
11.44,0.11908879,0.48248291015625
11.46,0.1190465,0.48248291015625
11.48,0.102189206,0.3546142578125
11.5,0.1028221,0.31744384765625
11.52,0.093268596,0.31744384765625
11.54,0.081419505,0.23675537109375
11.56,0.07117786,0.232635498046875
11.58,0.061231606,0.22601318359375
11.6,0.055749997,0.213165283203125
11.62,0.060053438,0.213165283203125
11.64,0.05238473,0.16973876953125
11.66,0.056733232,0.197265625
11.68,0.095326565,0.233642578125
11.7,0.10118736,0.233642578125
11.72,0.077502474,0.22344970703125
11.74,0.06785845,0.239898681640625
11.76,0.10633796,0.3751220703125
11.78,0.14405602,0.436004638671875
11.8,0.1606078,0.481201171875
11.82,0.18097298,0.620391845703125
11.84,0.17602989,0.620391845703125
11.86,0.14349584,0.461273193359375
11.88,0.114160866,0.3143310546875
11.9,0.10316843,0.275421142578125
11.92,0.08943861,0.265869140625
11.94,0.06974329,0.1861572265625
11.96,0.075498745,0.193817138671875
11.98,0.084336676,0.237548828125
12.0,0.10101866,0.3056640625
12.02,0.11290221,0.3692626953125
12.04,0.11190285,0.3692626953125
12.06,0.09834889,0.307891845703125
12.08,0.12571336,0.39971923828125
12.1,0.16268547,0.606689453125
12.12,0.17926487,0.606689453125
12.14,0.18290988,0.606689453125
12.16,0.15065588,0.480377197265625
12.18,0.12978579,0.402374267578125
12.2,0.11754682,0.4107666015625
12.22,0.113442905,0.4107666015625
12.24,0.09905796,0.2528076171875
12.26,0.08358724,0.2528076171875
12.28,0.057381336,0.197998046875
12.3,0.052363288,0.12640380859375
12.32,0.061182357,0.1522216796875
12.34,0.09383782,0.22015380859375
12.36,0.10038184,0.22015380859375
12.38,0.07727662,0.2130126953125
12.4,0.08742815,0.296539306640625
12.42,0.112025045,0.389923095703125
12.44,0.1311223,0.389923095703125
12.46,0.17102328,0.491607666015625
12.48,0.17386073,0.491607666015625
12.5,0.15621138,0.46881103515625
12.52,0.13641019,0.385772705078125
12.54,0.1324897,0.388275146484375
12.56,0.12278919,0.388275146484375
12.58,0.1041751,0.3145751953125
12.6,0.08011388,0.31390380859375
12.62,0.053643808,0.16180419921875
12.64,0.043895297,0.1326904296875
12.66,0.055978823,0.18670654296875
12.68,0.0954506,0.265350341796875
12.7,0.10070043,0.265350341796875
12.72,0.07526917,0.16241455078125
12.74,0.072250865,0.226837158203125
12.76,0.0931771,0.3538818359375
12.78,0.11975256,0.3538818359375
12.8,0.104877785,0.317840576171875
12.82,0.09161402,0.256866455078125
12.84,0.08771711,0.19952392578125
12.86,0.07725629,0.1826171875
12.88,0.05862415,0.160308837890625
12.9,0.0487839,0.132415771484375
12.92,0.049345504,0.133636474609375
12.94,0.042224772,0.133636474609375
12.96,0.04378623,0.133636474609375
12.98,0.034003537,0.10333251953125
13.0,0.045330275,0.167999267578125
13.02,0.08920558,0.225189208984375
13.04,0.09990923,0.225189208984375
13.06,0.06685723,0.172454833984375
13.08,0.05170655,0.13482666015625
13.1,0.07910891,0.338897705078125
13.12,0.13932587,0.48504638671875
13.14,0.16398713,0.48504638671875
13.16,0.15324554,0.4500732421875
13.18,0.13627112,0.412567138671875
13.2,0.12831402,0.366790771484375
13.22,0.11576017,0.366790771484375
13.24,0.111445054,0.334991455078125
13.26,0.108749345,0.3258056640625
13.28,0.093009494,0.283233642578125
13.3,0.07553434,0.26141357421875
13.32,0.0612159,0.249542236328125
13.34,0.069432326,0.249542236328125
13.36,0.092517555,0.24835205078125
13.38,0.08910137,0.24835205078125
13.4,0.0533573,0.156402587890625
13.42,0.05642212,0.156005859375
13.44,0.09768172,0.367767333984375
13.46,0.12031142,0.367767333984375
13.48,0.12681642,0.367767333984375
13.5,0.11714672,0.33807373046875
13.52,0.10115515,0.33807373046875
13.54,0.07651662,0.26043701171875
13.56,0.07406676,0.231475830078125
13.58,0.06824501,0.231475830078125
13.6,0.065071076,0.21051025390625
13.62,0.059597045,0.21051025390625
13.64,0.0665372,0.253326416015625
13.66,0.093408056,0.29736328125
13.68,0.12562789,0.370819091796875
13.7,0.13743721,0.414276123046875
13.72,0.13080849,0.414276123046875
13.74,0.12080774,0.414276123046875
13.76,0.12191156,0.37353515625
13.78,0.13007523,0.418060302734375
13.8,0.13037694,0.418060302734375
13.82,0.1212413,0.374603271484375
13.84,0.116539225,0.326446533203125
13.86,0.105184175,0.291046142578125
13.88,0.0866292,0.221038818359375
13.9,0.06726347,0.218658447265625
13.92,0.056532227,0.218658447265625
13.94,0.065089576,0.4127197265625
13.96,0.12257206,0.477203369140625
13.98,0.145468,0.477203369140625
14.0,0.13765194,0.392242431640625
14.02,0.12686725,0.392242431640625
14.04,0.12656865,0.385040283203125
14.06,0.13502799,0.392608642578125
14.08,0.14566495,0.4368896484375
14.1,0.14869621,0.4368896484375
14.12,0.15611532,0.42919921875
14.14,0.14822038,0.41400146484375
14.16,0.12950768,0.41400146484375
14.18,0.10976392,0.353485107421875
14.2,0.0963637,0.311737060546875
14.22,0.09559267,0.23809814453125
14.24,0.07811237,0.2080078125
14.26,0.06002594,0.1663818359375
14.28,0.06342904,0.163330078125
14.3,0.070568345,0.2435302734375
14.32,0.102500595,0.309661865234375
14.34,0.10691308,0.309661865234375
14.36,0.09539123,0.287689208984375
14.38,0.07310895,0.257415771484375
14.4,0.07741448,0.304931640625
14.42,0.09075693,0.304931640625
14.44,0.1385051,0.40966796875
14.46,0.16040242,0.40966796875
14.48,0.15515341,0.3873291015625
14.5,0.15228908,0.3873291015625
14.52,0.11083494,0.2969970703125
14.54,0.084185146,0.28125
14.56,0.07481463,0.2421875
14.58,0.080821484,0.2421875
14.6,0.072362386,0.161712646484375
14.62,0.069648445,0.220184326171875
14.64,0.0900397,0.2396240234375
14.66,0.1264878,0.452484130859375
14.68,0.13442472,0.452484130859375
14.7,0.10848965,0.375
14.72,0.10608919,0.368194580078125
14.74,0.10683539,0.294769287109375
14.76,0.13682248,0.42437744140625
14.78,0.13102114,0.42437744140625
14.8,0.11301224,0.269439697265625
14.82,0.11105719,0.27886962890625
14.84,0.10080888,0.327545166015625
14.86,0.08931959,0.327545166015625
14.88,0.08384238,0.278167724609375
14.9,0.06680871,0.202484130859375
14.92,0.053539094,0.16754150390625
14.94,0.049680308,0.134796142578125
14.96,0.04910278,0.135711669921875
14.98,0.07927264,0.21954345703125
15.0,0.10071153,0.21954345703125
15.02,0.08883587,0.21954345703125
15.04,0.062613524,0.163055419921875
15.06,0.07903566,0.391571044921875
15.08,0.11570843,0.406463623046875
15.1,0.14199379,0.438323974609375
15.12,0.15064453,0.438323974609375
15.14,0.14662743,0.4085693359375
15.16,0.13630544,0.39459228515625
15.18,0.1118313,0.36767578125
15.2,0.09498621,0.2733154296875
15.22,0.09011086,0.257415771484375
15.24,0.08585194,0.22625732421875
15.26,0.074173085,0.208770751953125
15.28,0.06067168,0.189239501953125
15.3,0.07816522,0.22894287109375
15.32,0.102304175,0.22894287109375
15.34,0.09740382,0.22894287109375
15.36,0.066016264,0.177947998046875
15.38,0.06686734,0.148101806640625
15.4,0.107505225,0.492919921875
15.42,0.12719917,0.492919921875
15.44,0.13418253,0.492919921875
15.46,0.1369524,0.46136474609375
15.48,0.13441011,0.46136474609375
15.5,0.1134587,0.39398193359375
15.52,0.09653409,0.288665771484375
15.54,0.076643296,0.275726318359375
15.56,0.057357892,0.238067626953125
15.58,0.037993316,0.11474609375
15.6,0.032829467,0.08123779296875
15.62,0.03217744,0.12744140625
15.64,0.05954472,0.19036865234375
15.66,0.078076854,0.26275634765625
15.68,0.06644343,0.26275634765625
15.7,0.05029961,0.12164306640625
15.72,0.05627431,0.12164306640625
15.74,0.11000981,0.423583984375
15.76,0.14238426,0.429351806640625
15.78,0.1543524,0.429351806640625
15.8,0.1382614,0.404052734375
15.82,0.12937963,0.404052734375
15.84,0.116852365,0.313079833984375
15.86,0.11385575,0.306182861328125
15.88,0.10790947,0.2957763671875
15.9,0.09879984,0.2698974609375
15.92,0.08749967,0.2698974609375
15.94,0.06475601,0.20367431640625
15.96,0.055711884,0.16009521484375
15.98,0.081763774,0.29034423828125
16.0,0.08976647,0.29034423828125
16.02,0.06973188,0.29034423828125
16.04,0.044571698,0.190216064453125
16.06,0.064134456,0.37109375
16.08,0.1049999,0.37109375
16.1,0.113708965,0.37109375
16.12,0.10931988,0.370849609375
16.14,0.11267801,0.370849609375
16.16,0.1050147,0.32373046875
16.18,0.08308199,0.26348876953125
16.2,0.07399879,0.20477294921875
16.22,0.07497157,0.211181640625
16.24,0.07456845,0.211181640625
16.26,0.056290448,0.190185546875
16.28,0.044418912,0.2154541015625
16.3,0.062486157,0.271697998046875
16.32,0.11056816,0.349761962890625
16.34,0.12039982,0.349761962890625
16.36,0.09840134,0.30908203125
16.38,0.09378882,0.313690185546875
16.4,0.109083265,0.34234619140625
16.42,0.11725921,0.34234619140625
16.44,0.12556957,0.3211669921875
16.46,0.12034022,0.320953369140625
16.48,0.11619772,0.319854736328125
16.5,0.102486886,0.271636962890625
16.52,0.091549665,0.258880615234375
16.54,0.083131246,0.2335205078125
16.56,0.06844242,0.2037353515625
16.58,0.05853188,0.174224853515625
16.6,0.100499205,0.426727294921875
16.62,0.118553594,0.426727294921875
16.64,0.13447516,0.34539794921875
16.66,0.123397484,0.34539794921875
16.68,0.10951433,0.38116455078125
16.7,0.12565406,0.40911865234375
16.72,0.13719408,0.414703369140625
16.74,0.1404975,0.414703369140625
16.76,0.14216983,0.389495849609375
16.78,0.13464548,0.389495849609375
16.8,0.12795952,0.389495849609375
16.82,0.11077569,0.3701171875
16.84,0.09434931,0.284149169921875
16.86,0.07830479,0.246551513671875
16.88,0.07465185,0.244232177734375
16.9,0.06864102,0.2431640625
16.92,0.070223816,0.2431640625
16.94,0.084534004,0.2431640625
16.96,0.089956984,0.23553466796875
16.98,0.10073422,0.236541748046875
17.0,0.091765836,0.236541748046875
17.02,0.07414027,0.18572998046875
17.04,0.082040384,0.281280517578125
17.06,0.09805294,0.281280517578125
17.08,0.13089101,0.45550537109375
17.1,0.17130072,0.46783447265625
17.12,0.19465816,0.52880859375
17.14,0.18903907,0.52880859375
17.16,0.16698164,0.523712158203125
17.18,0.15988238,0.44830322265625
17.2,0.15684146,0.416778564453125
17.22,0.14008133,0.35601806640625
17.24,0.124376185,0.306884765625
17.26,0.107662946,0.2567138671875
17.28,0.122966774,0.39581298828125
17.3,0.1312283,0.39581298828125
17.32,0.13185062,0.378173828125
17.34,0.12086039,0.378173828125
17.36,0.11022571,0.378173828125
17.38,0.10703748,0.3824462890625
17.4,0.13541536,0.3824462890625
17.42,0.14474279,0.3824462890625
17.44,0.13856053,0.348785400390625
17.46,0.14107952,0.302032470703125
17.48,0.12580587,0.291229248046875
17.5,0.08796515,0.21484375
17.52,0.08221635,0.182220458984375
17.54,0.07303387,0.159332275390625
17.56,0.056510206,0.12060546875
17.58,0.050445754,0.1690673828125
17.6,0.09177411,0.356231689453125
17.62,0.11234934,0.356231689453125
17.64,0.12659255,0.356231689453125
17.66,0.12874803,0.394073486328125
17.68,0.108502366,0.394073486328125
17.7,0.08964768,0.405303955078125
17.72,0.14231701,0.524658203125
17.74,0.18489157,0.524658203125
17.76,0.19429845,0.530364990234375
17.78,0.15874664,0.530364990234375
17.8,0.14497297,0.404205322265625
17.82,0.14222929,0.404205322265625
17.84,0.12886871,0.403717041015625
17.86,0.09243099,0.326904296875
17.88,0.0779021,0.227325439453125
17.9,0.063990474,0.213348388671875
17.92,0.061638057,0.193389892578125
17.94,0.08517962,0.23455810546875
17.96,0.09589588,0.23455810546875
17.98,0.08392341,0.2261962890625
18.0,0.08469527,0.20013427734375
18.02,0.0870147,0.32305908203125
18.04,0.0874826,0.32305908203125
18.06,0.14866002,0.4444580078125
18.08,0.18179943,0.4444580078125
18.1,0.20784457,0.445037841796875
18.12,0.18238953,0.445037841796875
18.14,0.13428952,0.4056396484375
18.16,0.09695409,0.312255859375
18.18,0.080647014,0.18536376953125
18.2,0.07054382,0.178009033203125
18.22,0.04702864,0.142669677734375
18.24,0.036608312,0.181793212890625
18.26,0.057510793,0.198883056640625
18.28,0.09965097,0.23028564453125
18.3,0.11094936,0.23028564453125
18.32,0.095268756,0.20343017578125
18.34,0.09777479,0.20343017578125
18.36,0.10783031,0.44586181640625
18.38,0.13179487,0.44586181640625
18.4,0.16192521,0.410125732421875
18.42,0.18289353,0.4658203125
18.44,0.16912778,0.4658203125
18.46,0.1705877,0.4658203125
18.48,0.14597522,0.357879638671875
18.5,0.13753687,0.358642578125
18.52,0.118971154,0.358642578125
18.54,0.09878469,0.2818603515625
18.56,0.07149101,0.24810791015625
18.58,0.051869936,0.16265869140625
18.6,0.06808979,0.186431884765625
18.62,0.07497959,0.186431884765625
18.64,0.064975575,0.1690673828125
18.66,0.06680567,0.2008056640625
18.68,0.07142762,0.2008056640625
18.7,0.081085585,0.33282470703125
18.72,0.09664031,0.33282470703125
18.74,0.121367775,0.323638916015625
18.76,0.15187792,0.441864013671875
18.78,0.16498627,0.441864013671875
18.8,0.15504594,0.441864013671875
18.82,0.13971643,0.321014404296875
18.84,0.13364343,0.304168701171875
18.86,0.1311178,0.301727294921875
18.88,0.13537717,0.301727294921875
18.9,0.12586968,0.28924560546875
18.92,0.13349472,0.42364501953125
18.94,0.17547557,0.48486328125
18.96,0.16762751,0.48486328125
18.98,0.13824332,0.472747802734375
19.0,0.121903725,0.387664794921875
19.02,0.11929817,0.387664794921875
19.04,0.11088412,0.359710693359375
19.06,0.15263265,0.359710693359375
19.08,0.16095847,0.35333251953125
19.1,0.14995332,0.369476318359375
19.12,0.11721562,0.369476318359375
19.14,0.10309178,0.271392822265625
19.16,0.10192488,0.25177001953125
19.18,0.10698937,0.25177001953125
19.2,0.108551726,0.25177001953125
19.22,0.10182491,0.226776123046875
19.24,0.11413886,0.4144287109375
19.26,0.14327493,0.4144287109375
19.28,0.14337112,0.401885986328125
19.3,0.120461516,0.367340087890625
19.32,0.13769685,0.455841064453125
19.34,0.15649259,0.455841064453125
19.36,0.16013393,0.439666748046875
19.38,0.16488595,0.572601318359375
19.4,0.17763971,0.59796142578125
19.42,0.19649635,0.59796142578125
19.44,0.17749687,0.54693603515625
19.46,0.1500981,0.408843994140625
19.48,0.13520598,0.408843994140625
19.5,0.116192475,0.408843994140625
19.52,0.11031692,0.341278076171875
19.54,0.09408086,0.2701416015625
19.56,0.081635304,0.258453369140625
19.58,0.08059493,0.252288818359375
19.6,0.10109233,0.28607177734375
19.62,0.09573007,0.28607177734375
19.64,0.06611979,0.188018798828125
19.66,0.08212458,0.209381103515625
19.68,0.098661534,0.45159912109375
19.7,0.1099354,0.45159912109375
19.72,0.13497116,0.57830810546875
19.74,0.1702435,0.57830810546875
19.76,0.18090759,0.57830810546875
19.78,0.1588744,0.433837890625
19.8,0.1357876,0.433837890625
19.82,0.1115661,0.433837890625
19.84,0.08230691,0.28717041015625
19.86,0.060869534,0.256439208984375
19.88,0.04567782,0.209014892578125
19.9,0.061472185,0.279388427734375
19.92,0.08864547,0.279388427734375
19.94,0.10273766,0.318206787109375
19.96,0.10409671,0.318206787109375
19.98,0.09874655,0.26434326171875
20.0,0.09987644,0.34228515625
20.02,0.124657705,0.408050537109375
20.04,0.13266386,0.408050537109375
20.06,0.12439306,0.35198974609375
20.08,0.11659878,0.3397216796875
20.1,0.11401915,0.38714599609375
20.12,0.11461723,0.38714599609375
20.14,0.104074076,0.334625244140625
20.16,0.08683765,0.252655029296875
20.18,0.06955031,0.239593505859375
20.2,0.056785006,0.171356201171875
20.22,0.05481323,0.20135498046875
20.24,0.072733246,0.20135498046875
20.26,0.08318844,0.187286376953125
20.28,0.07926237,0.187286376953125
20.3,0.072121345,0.184783935546875
20.32,0.07049023,0.158203125
20.34,0.10244934,0.381591796875
20.36,0.11730302,0.381591796875
20.38,0.12640804,0.3548583984375
20.4,0.1336258,0.36529541015625
20.42,0.13758121,0.36529541015625
20.44,0.12289117,0.37689208984375
20.46,0.10756259,0.37689208984375
20.48,0.097486734,0.295196533203125
20.5,0.08610061,0.258544921875
20.52,0.072668314,0.22998046875
20.54,0.05701974,0.1558837890625
20.56,0.053976215,0.1658935546875
20.58,0.083939046,0.200225830078125
20.6,0.08803581,0.200225830078125
20.62,0.07477876,0.200225830078125
20.64,0.05316458,0.166107177734375
20.66,0.06275059,0.28045654296875
20.68,0.09602648,0.329986572265625
20.7,0.099087805,0.329986572265625
20.72,0.09207887,0.256500244140625
20.74,0.08947098,0.244049072265625
20.76,0.07608164,0.236724853515625
20.78,0.06746416,0.18377685546875
20.8,0.072639264,0.189605712890625
20.82,0.06457404,0.189605712890625
20.84,0.0529538,0.1768798828125
20.86,0.034611423,0.11181640625
20.88,0.030458856,0.123565673828125
20.9,0.05113107,0.17138671875
20.92,0.069152795,0.177978515625
20.94,0.073299326,0.177978515625
20.96,0.05981439,0.177978515625
20.98,0.05504003,0.149627685546875
21.0,0.07805585,0.3211669921875
21.02,0.12632613,0.389862060546875
21.04,0.15416045,0.42999267578125
21.06,0.16430318,0.44366455078125
21.08,0.1658923,0.44366455078125
21.1,0.15367067,0.425262451171875
21.12,0.14557347,0.397216796875
21.14,0.13607141,0.374969482421875
21.16,0.123575956,0.374969482421875
21.18,0.10775563,0.348388671875
21.2,0.0940739,0.3466796875
21.22,0.071051456,0.28466796875
21.24,0.06320756,0.187530517578125
21.26,0.083771735,0.234527587890625
21.28,0.08684699,0.234527587890625
21.3,0.0662969,0.179779052734375
21.32,0.061820775,0.159698486328125
21.34,0.08661698,0.373260498046875
21.36,0.11911474,0.4102783203125
21.38,0.13061196,0.4102783203125
21.4,0.12389578,0.4102783203125
21.42,0.11395648,0.316986083984375
21.44,0.11849495,0.316986083984375
21.46,0.12295682,0.314697265625
21.48,0.1137098,0.314697265625
21.5,0.09331427,0.314697265625
21.52,0.073061265,0.22344970703125
21.54,0.062390924,0.174957275390625
21.56,0.07501948,0.30694580078125
21.58,0.1027894,0.3624267578125
21.6,0.12699944,0.3624267578125
21.62,0.13033698,0.3624267578125
21.64,0.12623434,0.341094970703125
21.66,0.11931902,0.380889892578125
21.68,0.12103515,0.380889892578125
21.7,0.11566534,0.380889892578125
21.72,0.112851545,0.371490478515625
21.74,0.10027113,0.3095703125
21.76,0.08395809,0.2899169921875
21.78,0.075935565,0.25152587890625
21.8,0.063429184,0.25152587890625
21.82,0.06082501,0.16717529296875
21.84,0.04941111,0.15618896484375
21.86,0.03852901,0.166290283203125
21.88,0.09357498,0.33636474609375
21.9,0.1226145,0.33636474609375
21.92,0.11554758,0.32037353515625
21.94,0.11537982,0.291900634765625
21.96,0.10890487,0.2904052734375
21.98,0.13051082,0.3544921875
22.0,0.14852048,0.579742431640625
22.02,0.1604015,0.579742431640625
22.04,0.16017357,0.579742431640625
22.06,0.14672641,0.396636962890625
22.08,0.14002065,0.396636962890625
22.1,0.11862678,0.396636962890625
22.12,0.09763568,0.273712158203125
22.14,0.08969364,0.292816162109375
22.16,0.07704943,0.292816162109375
22.18,0.06592247,0.213775634765625
22.2,0.06952045,0.268280029296875
22.22,0.082917124,0.268280029296875
22.24,0.08273313,0.252655029296875
22.26,0.07453679,0.235260009765625
22.28,0.06801708,0.197052001953125
22.3,0.07068616,0.186279296875
22.32,0.09449843,0.39801025390625
22.34,0.12918292,0.447784423828125
22.36,0.16151865,0.47747802734375
22.38,0.15774973,0.47747802734375
22.4,0.13167588,0.39385986328125
22.42,0.14626046,0.438751220703125
22.44,0.1319506,0.438751220703125
22.46,0.137521,0.33428955078125
22.48,0.13350686,0.333648681640625
22.5,0.10810193,0.33123779296875
22.52,0.07754944,0.2293701171875
22.54,0.08911397,0.34149169921875
22.56,0.11384163,0.34149169921875
22.58,0.10833012,0.339752197265625
22.6,0.09316108,0.27923583984375
22.62,0.09110297,0.247833251953125
22.64,0.105137,0.41632080078125
22.66,0.12478484,0.41632080078125
22.68,0.1766039,0.4859619140625
22.7,0.19613332,0.4859619140625
22.72,0.1750089,0.4859619140625
22.74,0.14927803,0.401275634765625
22.76,0.12291467,0.401275634765625
22.78,0.09882409,0.3018798828125
22.8,0.10828783,0.296417236328125
22.82,0.10132311,0.296417236328125
22.84,0.08074792,0.213134765625
22.86,0.07144132,0.222412109375
22.88,0.07370964,0.222412109375
22.9,0.07536854,0.201995849609375
22.92,0.07226224,0.201995849609375
22.94,0.068744,0.201995849609375
22.96,0.085824534,0.1856689453125
22.98,0.11594171,0.443115234375
23.0,0.1565152,0.460540771484375
23.02,0.17941983,0.460540771484375
23.04,0.19205219,0.50994873046875
23.06,0.17724134,0.548187255859375
23.08,0.1638942,0.548187255859375
23.1,0.13622315,0.548187255859375
23.12,0.10687001,0.323883056640625
23.14,0.099930026,0.313751220703125
23.16,0.076477975,0.313751220703125
23.18,0.058717806,0.157989501953125
23.2,0.06374331,0.206878662109375
23.22,0.06652003,0.206878662109375
23.24,0.057657387,0.206878662109375
23.26,0.069973834,0.277618408203125
23.28,0.09676539,0.30682373046875
23.3,0.13768913,0.397003173828125
23.32,0.1774627,0.495025634765625
23.34,0.20005888,0.587890625
23.36,0.20116633,0.587890625
23.38,0.1821265,0.519287109375
23.4,0.1490021,0.3885498046875
23.42,0.12527628,0.3558349609375
23.44,0.09551799,0.2738037109375
23.46,0.08292077,0.25933837890625
23.48,0.08538668,0.25933837890625
23.5,0.08809468,0.25933837890625
23.52,0.08671041,0.21612548828125
23.54,0.081328325,0.21612548828125
23.56,0.085926585,0.22564697265625
23.58,0.096384145,0.3082275390625
23.6,0.089395344,0.3082275390625
23.62,0.08614086,0.3082275390625
23.64,0.091358334,0.44598388671875
23.66,0.13222022,0.466766357421875
23.68,0.16775332,0.621551513671875
23.7,0.16975978,0.621551513671875
23.72,0.1479329,0.484283447265625
23.74,0.15020917,0.484283447265625
23.76,0.14332056,0.4398193359375
23.78,0.12965328,0.414093017578125
23.8,0.12018469,0.37432861328125
23.82,0.11943616,0.342987060546875
23.84,0.10896327,0.318084716796875
23.86,0.09980814,0.2867431640625
23.88,0.110629745,0.314453125
23.9,0.116875745,0.352447509765625
23.92,0.10395195,0.352447509765625
23.94,0.07679409,0.192108154296875
23.96,0.08360299,0.238677978515625
23.98,0.10154106,0.43011474609375
24.0,0.11572218,0.43011474609375
24.02,0.16135104,0.478363037109375
24.04,0.1768484,0.49676513671875
24.06,0.17236035,0.49676513671875
24.08,0.15443411,0.362213134765625
24.1,0.1047951,0.24212646484375
24.12,0.07685594,0.2144775390625
24.14,0.05638865,0.138824462890625
24.16,0.058670375,0.145355224609375
24.18,0.045261595,0.145355224609375
24.2,0.05065299,0.2294921875
24.22,0.075095,0.246826171875
24.24,0.099161565,0.357574462890625
24.26,0.10418404,0.357574462890625
24.28,0.12112012,0.3729248046875
24.3,0.13344605,0.3729248046875
24.32,0.14344133,0.5018310546875
24.34,0.1463052,0.5018310546875
24.36,0.17913094,0.663421630859375
24.38,0.18163069,0.663421630859375
24.4,0.15093817,0.39215087890625
24.42,0.12749608,0.342620849609375
24.44,0.100759864,0.234710693359375
24.46,0.08928182,0.257080078125
24.48,0.08590905,0.257080078125
24.5,0.08470149,0.230438232421875
24.52,0.10304101,0.346893310546875
24.54,0.12633035,0.346893310546875
24.56,0.12738928,0.375640869140625
24.58,0.11289606,0.375640869140625
24.6,0.08908358,0.251800537109375
24.62,0.094751604,0.30206298828125
24.64,0.11089434,0.51873779296875
24.66,0.13344207,0.51873779296875
24.68,0.16884226,0.4976806640625
24.7,0.16423905,0.4107666015625
24.72,0.15274134,0.359954833984375
24.74,0.15635732,0.39373779296875
24.76,0.14096627,0.39373779296875
24.78,0.09558117,0.258819580078125
24.8,0.09119037,0.268951416015625
24.82,0.09722565,0.268951416015625
24.84,0.085878104,0.268951416015625
24.86,0.087115645,0.313720703125
24.88,0.12141875,0.364410400390625
24.9,0.1286255,0.364410400390625
24.92,0.09660266,0.320953369140625
24.94,0.08436586,0.28741455078125
24.96,0.096515775,0.39495849609375
24.98,0.11218823,0.473388671875
25.0,0.12942077,0.473388671875
25.02,0.12244975,0.36456298828125
25.04,0.12638661,0.36456298828125
25.06,0.11453694,0.329620361328125
25.08,0.09329631,0.278656005859375
25.1,0.08318265,0.266815185546875
25.12,0.0733999,0.24053955078125
25.14,0.07095773,0.204833984375
25.16,0.0712984,0.239410400390625
25.18,0.07128113,0.239410400390625
25.2,0.10273508,0.327545166015625
25.22,0.1224315,0.34039306640625
25.24,0.11151309,0.34039306640625
25.26,0.08783537,0.23004150390625
25.28,0.08875432,0.258056640625
25.3,0.107363224,0.40350341796875
25.32,0.13886033,0.455718994140625
25.34,0.13237742,0.455718994140625
25.36,0.099575914,0.254150390625
25.38,0.09796088,0.3121337890625
25.4,0.088783406,0.3121337890625
25.42,0.076317914,0.25628662109375
25.44,0.06992101,0.25628662109375
25.46,0.05629568,0.20587158203125
25.48,0.046020847,0.129669189453125
25.5,0.057209827,0.2685546875
25.52,0.06927956,0.2685546875
25.54,0.083224915,0.2685546875
25.56,0.08401481,0.19097900390625
25.58,0.07009439,0.186553955078125
25.6,0.050861727,0.1324462890625
25.62,0.07183984,0.321685791015625
25.64,0.11056591,0.449737548828125
25.66,0.13396354,0.449737548828125
25.68,0.120024845,0.449737548828125
25.7,0.09750852,0.285308837890625
25.72,0.09509409,0.26934814453125
25.74,0.08753172,0.26934814453125
25.76,0.06693536,0.19500732421875
25.78,0.06590375,0.19500732421875
25.8,0.060008176,0.186676025390625
25.82,0.046158325,0.161376953125
25.84,0.047892734,0.16986083984375
25.86,0.07947578,0.259002685546875
25.88,0.08323851,0.259002685546875
25.9,0.07335626,0.2000732421875
25.92,0.051664338,0.154998779296875
25.94,0.06405505,0.466705322265625
25.96,0.10320456,0.466705322265625
25.98,0.120668955,0.466705322265625
26.0,0.11451882,0.352935791015625
26.02,0.09608228,0.352935791015625
26.04,0.08246523,0.25323486328125
26.06,0.07772355,0.2149658203125
26.08,0.07669728,0.18585205078125
26.1,0.06521773,0.184661865234375
26.12,0.045362733,0.149688720703125
26.14,0.033019997,0.090911865234375
26.16,0.04760878,0.15673828125
26.18,0.08659526,0.273223876953125
26.2,0.09276908,0.273223876953125
26.22,0.084383614,0.273223876953125
26.24,0.047174457,0.1290283203125
26.26,0.03797382,0.127288818359375
26.28,0.064907864,0.319610595703125
26.3,0.106782876,0.473052978515625
26.32,0.13326831,0.473052978515625
26.34,0.13721004,0.473052978515625
26.36,0.13229342,0.40167236328125
26.38,0.11428316,0.40167236328125
26.4,0.08869577,0.257659912109375
26.42,0.100683585,0.350616455078125
26.44,0.10020456,0.350616455078125
26.46,0.07982956,0.270263671875
26.48,0.06262182,0.18072509765625
26.5,0.058890894,0.18072509765625
26.52,0.075584374,0.200714111328125
26.54,0.09028568,0.229766845703125
26.56,0.07569287,0.229766845703125
26.58,0.064120725,0.14739990234375
26.6,0.073473096,0.25628662109375
26.62,0.09192187,0.41644287109375
26.64,0.13424267,0.41644287109375
26.66,0.1554594,0.392578125
26.68,0.1823874,0.392578125
26.7,0.17457029,0.3853759765625
26.72,0.14542797,0.321136474609375
26.74,0.111618906,0.2799072265625
26.76,0.07945384,0.24981689453125
26.78,0.06142486,0.190216064453125
26.8,0.05088227,0.14849853515625
26.82,0.07236839,0.3289794921875
26.84,0.09280526,0.3289794921875
26.86,0.106565244,0.3289794921875
26.88,0.102321364,0.316741943359375
26.9,0.09042395,0.2984619140625
26.92,0.0805702,0.2535400390625
26.94,0.09370481,0.3492431640625
26.96,0.1097136,0.3492431640625
26.98,0.13825135,0.36456298828125
27.0,0.15069684,0.36456298828125
27.02,0.12205358,0.331085205078125
27.04,0.109496735,0.268341064453125
27.06,0.097557,0.264434814453125
27.08,0.076256074,0.242095947265625
27.1,0.07168366,0.200653076171875
27.12,0.07530661,0.200653076171875
27.14,0.06300238,0.2076416015625
27.16,0.070234805,0.2076416015625
27.18,0.074351765,0.22705078125
27.2,0.081483856,0.234039306640625
27.22,0.09111991,0.309326171875
27.24,0.093182616,0.309326171875
27.26,0.1214331,0.45654296875
27.28,0.14857438,0.469696044921875
27.3,0.1670631,0.469696044921875
27.32,0.14900696,0.45599365234375
27.34,0.11912821,0.3492431640625
27.36,0.10422334,0.308624267578125
27.38,0.093310654,0.255157470703125
27.4,0.10615389,0.327911376953125
27.42,0.10383524,0.327911376953125
27.44,0.08062714,0.216796875
27.46,0.07522329,0.216796875
27.48,0.07179272,0.201812744140625
27.5,0.09758119,0.280548095703125
27.52,0.10759607,0.280548095703125
27.54,0.074265204,0.210540771484375
27.56,0.057961088,0.128662109375
27.58,0.08038793,0.424530029296875
27.6,0.095130146,0.424530029296875
27.62,0.110579535,0.424530029296875
27.64,0.11620661,0.281707763671875
27.66,0.120563515,0.322601318359375
27.68,0.11539909,0.322601318359375
27.7,0.094547406,0.28936767578125
27.72,0.08682849,0.28936767578125
27.74,0.08106158,0.220703125
27.76,0.07190798,0.220703125
27.78,0.05102087,0.198760986328125
27.8,0.043959495,0.143798828125
27.82,0.06799545,0.2559814453125
27.84,0.096250735,0.38592529296875
27.86,0.104518674,0.38592529296875
27.88,0.09089988,0.38592529296875
27.9,0.0777516,0.217254638671875
27.92,0.08520658,0.347412109375
27.94,0.115387104,0.347412109375
27.96,0.12274861,0.347412109375
27.98,0.12645851,0.381134033203125
28.0,0.11881342,0.381134033203125
28.02,0.117518984,0.330108642578125
28.04,0.10974598,0.3118896484375
28.06,0.09479708,0.3118896484375
28.08,0.079039745,0.21484375
28.1,0.06440436,0.21484375
28.12,0.05292329,0.189697265625
28.14,0.04477216,0.142333984375
28.16,0.05367641,0.17864990234375
28.18,0.080578916,0.21478271484375
28.2,0.07972246,0.21478271484375
28.22,0.056944612,0.21478271484375
28.24,0.05199012,0.1387939453125
28.26,0.08046489,0.40289306640625
28.28,0.11169124,0.40289306640625
28.3,0.12803581,0.42584228515625
28.32,0.12118737,0.442962646484375
28.34,0.11483784,0.442962646484375
28.36,0.10560447,0.386688232421875
28.38,0.09897799,0.386688232421875
28.4,0.087417625,0.2584228515625
28.42,0.08106234,0.2584228515625
28.44,0.0751427,0.207733154296875
28.46,0.07125339,0.205322265625
28.48,0.06885783,0.205322265625
28.5,0.07574411,0.20794677734375
28.52,0.08844653,0.242767333984375
28.54,0.083015814,0.242767333984375
28.56,0.061574366,0.178436279296875
28.58,0.067625776,0.1866455078125
28.6,0.10228258,0.4627685546875
28.62,0.11954673,0.4627685546875
28.64,0.107632995,0.442901611328125
28.66,0.08533876,0.233734130859375
28.68,0.07837652,0.2286376953125
28.7,0.07069366,0.2286376953125
28.72,0.06618229,0.17816162109375
28.74,0.051341753,0.1357421875
28.76,0.036876656,0.117279052734375
28.78,0.03215522,0.09051513671875
28.8,0.030732526,0.09051513671875
28.82,0.032343056,0.117584228515625
28.84,0.0625572,0.184112548828125
28.86,0.08223244,0.184112548828125
28.88,0.072672084,0.184112548828125
28.9,0.06252864,0.160552978515625
28.92,0.067323126,0.324554443359375
28.94,0.111506075,0.363922119140625
28.96,0.14893137,0.467315673828125
28.98,0.1733431,0.467315673828125
29.0,0.17591198,0.467315673828125
29.02,0.14675063,0.452362060546875
29.04,0.10538048,0.29229736328125
29.06,0.08797149,0.29229736328125
29.08,0.06872695,0.19244384765625
29.1,0.06222523,0.20965576171875
29.12,0.058360495,0.20965576171875
29.14,0.062429123,0.280609130859375
29.16,0.07688432,0.280609130859375
29.18,0.10811948,0.35870361328125
29.2,0.11387372,0.35870361328125
29.22,0.09083337,0.30206298828125
29.24,0.07288736,0.220367431640625
29.26,0.08565134,0.339324951171875
29.28,0.104186736,0.35223388671875
29.3,0.11514468,0.35223388671875
29.32,0.09899988,0.331512451171875
29.34,0.08514997,0.254638671875
29.36,0.066236995,0.18548583984375
29.38,0.0684693,0.18548583984375
29.4,0.061767854,0.164947509765625
29.42,0.043522473,0.128448486328125
29.44,0.06639302,0.280517578125
29.46,0.12656626,0.363983154296875
29.48,0.19035628,0.416748046875
29.5,0.2199007,0.446868896484375
29.52,0.2264119,0.446868896484375
29.54,0.2296794,0.465911865234375
29.56,0.22498435,0.478759765625
29.58,0.22443563,0.491912841796875
29.6,0.22945964,0.510467529296875
29.62,0.23393956,0.55419921875
29.64,0.22754422,0.55419921875
29.66,0.215544,0.503387451171875
29.68,0.21119434,0.503387451171875
29.7,0.20451641,0.514495849609375
29.72,0.19790031,0.514495849609375
29.74,0.18764299,0.514495849609375
29.76,0.16756165,0.438690185546875
29.78,0.14759131,0.306060791015625
29.8,0.13115264,0.310272216796875
29.82,0.12424262,0.312774658203125
29.84,0.14013305,0.327056884765625
29.86,0.1541564,0.384918212890625
29.88,0.15237866,0.384918212890625
29.9,0.1441251,0.324462890625
29.92,0.15416798,0.390594482421875
29.94,0.18198037,0.6707763671875
29.96,0.20070328,0.6707763671875
29.98,0.1848681,0.6707763671875
30.0,0.12867518,0.386871337890625
30.02,0.097520776,0.317352294921875
30.04,0.09585916,0.317352294921875
30.06,0.09049383,0.293304443359375
30.08,0.077068605,0.204437255859375
30.1,0.06388887,0.204132080078125
30.12,0.05491603,0.1866455078125
30.14,0.054185055,0.195953369140625
30.16,0.05987633,0.195953369140625
30.18,0.06627593,0.189971923828125
30.2,0.06772691,0.189971923828125
30.22,0.05774069,0.1583251953125
30.24,0.04554562,0.135986328125
30.26,0.07685277,0.406585693359375
30.28,0.095226325,0.406585693359375
30.3,0.1037184,0.2877197265625
30.32,0.10329386,0.2877197265625
30.34,0.094430566,0.276580810546875
30.36,0.077360034,0.276580810546875
30.38,0.07007838,0.212310791015625
30.4,0.06746893,0.200927734375
30.42,0.06144353,0.208831787109375
30.44,0.062441047,0.21002197265625
30.46,0.05486072,0.21002197265625
30.48,0.056685463,0.258087158203125
30.5,0.08691109,0.3271484375
30.52,0.101904534,0.3271484375
30.54,0.09803694,0.299774169921875
30.56,0.08632943,0.22686767578125
30.58,0.085188195,0.242431640625
30.6,0.100542136,0.391815185546875
30.62,0.1457996,0.500152587890625
30.64,0.16027439,0.500152587890625
30.66,0.13418606,0.371429443359375
30.68,0.12137248,0.371429443359375
30.7,0.116387434,0.326629638671875
30.72,0.12670998,0.3968505859375
30.74,0.12558375,0.3968505859375
30.76,0.11817969,0.3968505859375
30.78,0.093549736,0.255706787109375
30.8,0.07584594,0.214813232421875
30.82,0.05928397,0.179168701171875
30.84,0.0646729,0.1934814453125
30.86,0.07072329,0.1934814453125
30.88,0.06970658,0.1934814453125
30.9,0.06530269,0.152313232421875
30.92,0.091031015,0.407196044921875
30.94,0.13718179,0.41357421875
30.96,0.16395195,0.4366455078125
30.98,0.16078657,0.4366455078125
31.0,0.14246158,0.377227783203125
31.02,0.13182399,0.348968505859375
31.04,0.12464459,0.348968505859375
31.06,0.12051374,0.331298828125
31.08,0.12249329,0.344940185546875
31.1,0.112457454,0.344940185546875
31.12,0.095198534,0.272491455078125
31.14,0.08472302,0.268341064453125
31.16,0.08549865,0.239990234375
31.18,0.081985034,0.234039306640625
31.2,0.077842586,0.234039306640625
31.22,0.07096943,0.20684814453125
31.24,0.082182646,0.314178466796875
31.26,0.12082594,0.3978271484375
31.28,0.12340591,0.3978271484375
31.3,0.09954364,0.37799072265625
31.32,0.09290144,0.2864990234375
31.34,0.09043892,0.2864990234375
31.36,0.07618507,0.19635009765625
31.38,0.07678438,0.193878173828125
31.4,0.06489675,0.18450927734375
31.42,0.05375213,0.157989501953125
31.44,0.04620472,0.16741943359375
31.46,0.043140225,0.16741943359375
31.48,0.04913278,0.1650390625
31.5,0.07301795,0.190093994140625
31.52,0.07926064,0.215728759765625
31.54,0.07417725,0.215728759765625
31.56,0.0678407,0.203460693359375
31.58,0.09096895,0.41290283203125
31.6,0.137767,0.529388427734375
31.62,0.17633277,0.52960205078125
31.64,0.18083975,0.52960205078125
31.66,0.16127741,0.47821044921875
31.68,0.13670297,0.399658203125
31.7,0.12684113,0.399658203125
31.72,0.12301431,0.350433349609375
31.74,0.11307032,0.350433349609375
31.76,0.109937064,0.350433349609375
31.78,0.11922636,0.28955078125
31.8,0.10626445,0.28955078125
31.82,0.07804706,0.263275146484375
31.84,0.07761886,0.19744873046875
31.86,0.08287892,0.19744873046875
31.88,0.06941483,0.175262451171875
31.9,0.0594051,0.158935546875
31.92,0.07933196,0.447601318359375
31.94,0.10027939,0.447601318359375
31.96,0.111329846,0.30426025390625
31.98,0.12554267,0.30426025390625
32.0,0.13201882,0.2691650390625
32.02,0.1348445,0.28369140625
32.04,0.12923773,0.28369140625
32.06,0.11192684,0.25372314453125
32.08,0.08278811,0.22576904296875
32.1,0.05196925,0.168365478515625
32.12,0.03445032,0.093292236328125
32.14,0.04482684,0.218994140625
32.16,0.0833104,0.300567626953125
32.18,0.105445586,0.31634521484375
32.2,0.11195029,0.31634521484375
32.22,0.099630125,0.3026123046875
32.24,0.09880617,0.318389892578125
32.26,0.114557035,0.36651611328125
32.28,0.1251695,0.36651611328125
32.3,0.11775798,0.323028564453125
32.32,0.0981449,0.30279541015625
32.34,0.08833201,0.279693603515625
32.36,0.08566634,0.24615478515625
32.38,0.06931438,0.21539306640625
32.4,0.059420533,0.168548583984375
32.42,0.049070567,0.16387939453125
32.44,0.038504217,0.1343994140625
32.46,0.039892647,0.156951904296875
32.48,0.078652464,0.289794921875
32.5,0.10536496,0.289794921875
32.52,0.101867326,0.289794921875
32.54,0.061531566,0.210479736328125
32.56,0.046435844,0.14337158203125
32.58,0.09509317,0.474761962890625
32.6,0.14863391,0.53155517578125
32.62,0.16632749,0.53155517578125
32.64,0.13472368,0.4580078125
32.66,0.11534556,0.326934814453125
32.68,0.10211303,0.326934814453125
32.7,0.09617052,0.3199462890625
32.72,0.08122753,0.3199462890625
32.74,0.074171714,0.232391357421875
32.76,0.06754392,0.192108154296875
32.78,0.06165307,0.192108154296875
32.8,0.055878945,0.1884765625
32.82,0.08162107,0.2513427734375
32.84,0.081374496,0.2513427734375
32.86,0.062152732,0.18658447265625
32.88,0.055697035,0.16278076171875
32.9,0.056090888,0.30133056640625
32.92,0.104046166,0.500946044921875
32.94,0.15023391,0.500946044921875
32.96,0.17073771,0.41693115234375
32.98,0.15676893,0.41693115234375
33.0,0.1457833,0.41693115234375
33.02,0.13676697,0.356842041015625
33.04,0.13624999,0.356842041015625
33.06,0.1376742,0.3612060546875
33.08,0.13521919,0.3612060546875
33.1,0.113418855,0.31134033203125
33.12,0.08921777,0.233734130859375
33.14,0.09559342,0.2640380859375
33.16,0.11105229,0.2640380859375
33.18,0.10637072,0.24737548828125
33.2,0.105000235,0.293243408203125
33.22,0.090456605,0.293243408203125
33.24,0.0805781,0.334228515625
33.26,0.095842004,0.334228515625
33.28,0.157029,0.501861572265625
33.3,0.16282056,0.501861572265625
33.32,0.12554334,0.501861572265625
33.34,0.10796949,0.28228759765625
33.36,0.101590045,0.28228759765625
33.38,0.07731587,0.179473876953125
33.4,0.09085126,0.228424072265625
33.42,0.08273386,0.228424072265625
33.44,0.048729304,0.13995361328125
33.46,0.049881052,0.183135986328125
33.48,0.07025931,0.192626953125
33.5,0.09137785,0.324951171875
33.52,0.10402779,0.324951171875
33.54,0.09382756,0.324951171875
33.56,0.07764645,0.22686767578125
33.58,0.08625908,0.391265869140625
33.6,0.122742526,0.473419189453125
33.62,0.15852414,0.473419189453125
33.64,0.17441712,0.473419189453125
33.66,0.15184225,0.46221923828125
33.68,0.12055772,0.367889404296875
33.7,0.10606167,0.287506103515625
33.72,0.09976287,0.25616455078125
33.74,0.08736106,0.25616455078125
33.76,0.07300999,0.21722412109375
33.78,0.05801605,0.1707763671875
33.8,0.048550803,0.1707763671875
33.82,0.06579992,0.17401123046875
33.84,0.06842873,0.17401123046875
33.86,0.051952917,0.17401123046875
33.88,0.053754408,0.20318603515625
33.9,0.066582665,0.20318603515625
33.92,0.083054386,0.316192626953125
33.94,0.12783268,0.35955810546875
33.96,0.15756086,0.43243408203125
33.98,0.1776961,0.43243408203125
34.0,0.1573175,0.409271240234375
34.02,0.1219889,0.3856201171875
34.04,0.06636772,0.18914794921875
34.06,0.055609792,0.1392822265625
34.08,0.05118285,0.118865966796875
34.1,0.04687963,0.118865966796875
34.12,0.038815193,0.118865966796875
34.14,0.033907555,0.129730224609375
34.16,0.050337248,0.147186279296875
34.18,0.055688772,0.147186279296875
34.2,0.043732215,0.128997802734375
34.22,0.044611774,0.1453857421875
34.24,0.08121472,0.204742431640625
34.26,0.11506647,0.501190185546875
34.28,0.15277195,0.50811767578125
34.3,0.16795015,0.50811767578125
34.32,0.15677713,0.45965576171875
34.34,0.15336543,0.45965576171875
34.36,0.12780249,0.3734130859375
34.38,0.11263234,0.356353759765625
34.4,0.089966215,0.3016357421875
34.42,0.07922496,0.2415771484375
34.44,0.07066231,0.201873779296875
34.46,0.06508345,0.19366455078125
34.48,0.06658768,0.167022705078125
34.5,0.05710669,0.15985107421875
34.52,0.058961723,0.15460205078125
34.54,0.055200752,0.15460205078125
34.56,0.04864042,0.12908935546875
34.58,0.07797631,0.344451904296875
34.6,0.11073329,0.35821533203125
34.62,0.15220405,0.4019775390625
34.64,0.16698706,0.4019775390625
34.66,0.16985784,0.40283203125
34.68,0.16151969,0.40283203125
34.7,0.15209775,0.362060546875
34.72,0.14096664,0.2943115234375
34.74,0.13293,0.2662353515625
34.76,0.11649237,0.24847412109375
34.78,0.09506035,0.24847412109375
34.8,0.088705786,0.23486328125
34.82,0.13827607,0.426177978515625
34.84,0.14817661,0.453857421875
34.86,0.13802576,0.453857421875
34.88,0.13149469,0.36962890625
34.9,0.1278206,0.376190185546875
34.92,0.11949979,0.376190185546875
34.94,0.09949685,0.367584228515625
34.96,0.1549028,0.460235595703125
34.98,0.15845738,0.460235595703125
35.0,0.111474454,0.306915283203125
35.02,0.09656477,0.279052734375
35.04,0.091302104,0.279052734375
35.06,0.10167307,0.25048828125
35.08,0.11090439,0.27838134765625
35.1,0.09368677,0.27838134765625
35.12,0.061752737,0.19317626953125
35.14,0.05960514,0.188079833984375
35.16,0.088228315,0.250946044921875
35.18,0.10522183,0.283905029296875
35.2,0.10442268,0.283905029296875
35.22,0.093792714,0.283905029296875
35.24,0.1070031,0.496185302734375
35.26,0.14572687,0.496185302734375
35.28,0.17385466,0.56317138671875
35.3,0.18604031,0.56317138671875
35.32,0.17601617,0.490692138671875
35.34,0.15181746,0.490692138671875
35.36,0.119045235,0.3782958984375
35.38,0.10728409,0.350250244140625
35.4,0.099276766,0.307464599609375
35.42,0.09364963,0.307464599609375
35.44,0.070038736,0.242889404296875
35.46,0.061503597,0.242889404296875
35.48,0.08482658,0.282501220703125
35.5,0.09113364,0.282501220703125
35.52,0.07382435,0.282501220703125
35.54,0.058076918,0.1776123046875
35.56,0.06425533,0.1776123046875
35.58,0.07578871,0.394439697265625
35.6,0.11973385,0.431060791015625
35.62,0.16369475,0.50823974609375
35.64,0.17659946,0.50823974609375
35.66,0.16294228,0.42926025390625
35.68,0.15171947,0.400543212890625
35.7,0.12788416,0.400543212890625
35.72,0.10008344,0.317474365234375
35.74,0.07916911,0.2706298828125
35.76,0.06141127,0.268280029296875
35.78,0.05145595,0.199462890625
35.8,0.06156896,0.199462890625
35.82,0.083872,0.2470703125
35.84,0.09605552,0.28729248046875
35.86,0.09617572,0.292144775390625
35.88,0.08787686,0.292144775390625
35.9,0.0905694,0.2884521484375
35.92,0.11499839,0.49981689453125
35.94,0.14748505,0.49981689453125
35.96,0.15459985,0.482757568359375
35.98,0.14141522,0.482757568359375
36.0,0.12838787,0.355712890625
36.02,0.104433164,0.323394775390625
36.04,0.0866613,0.269256591796875
36.06,0.07347615,0.269256591796875
36.08,0.061044674,0.269256591796875
36.1,0.050681807,0.1334228515625
36.12,0.04759126,0.17578125
36.14,0.04232693,0.17578125
36.16,0.05203309,0.155029296875
36.18,0.06479735,0.19683837890625
36.2,0.06499961,0.19683837890625
36.22,0.06638026,0.401824951171875
36.24,0.096459985,0.401824951171875
36.26,0.12202687,0.401824951171875
36.28,0.12419961,0.38525390625
36.3,0.12172879,0.38525390625
36.32,0.11687161,0.388671875
36.34,0.11404374,0.388671875
36.36,0.09906248,0.3359375
36.38,0.08812706,0.3359375
36.4,0.07313145,0.222381591796875
36.42,0.065287285,0.174163818359375
36.44,0.055077516,0.140625
36.46,0.052967906,0.155609130859375
36.48,0.07883793,0.24658203125
36.5,0.09013539,0.24658203125
36.52,0.07909149,0.24658203125
36.54,0.06506392,0.189788818359375
36.56,0.0975565,0.501495361328125
36.58,0.11647744,0.501495361328125
36.6,0.120891415,0.501495361328125
36.62,0.098942,0.35125732421875
36.64,0.10458076,0.35125732421875
36.66,0.08589439,0.306427001953125
36.68,0.07320738,0.306427001953125
36.7,0.059904497,0.1666259765625
36.72,0.052728347,0.14276123046875
36.74,0.04815221,0.120086669921875
36.76,0.043212365,0.120086669921875
36.78,0.03713933,0.120086669921875
36.8,0.038513806,0.13250732421875
36.82,0.07108475,0.184967041015625
36.84,0.073755085,0.184967041015625
36.86,0.05782137,0.1754150390625
36.88,0.05357153,0.1754150390625
36.9,0.06671464,0.233062744140625
36.92,0.10850027,0.388214111328125
36.94,0.13821052,0.388214111328125
36.96,0.15077098,0.388214111328125
36.98,0.15165266,0.380767822265625
37.0,0.14275126,0.4049072265625
37.02,0.1381869,0.4049072265625
37.04,0.13016576,0.4049072265625
37.06,0.11470899,0.3028564453125
37.08,0.09727725,0.271209716796875
37.1,0.090810664,0.271209716796875
37.12,0.069500394,0.256256103515625
37.14,0.051848203,0.202484130859375
37.16,0.07357981,0.239959716796875
37.18,0.07565888,0.239959716796875
37.2,0.05208136,0.148529052734375
37.22,0.0474568,0.120208740234375
37.24,0.071224496,0.35443115234375
37.26,0.09420364,0.35443115234375
37.28,0.12288868,0.33856201171875
37.3,0.13166334,0.33856201171875
37.32,0.12537165,0.42431640625
37.34,0.11972936,0.42431640625
37.36,0.12468447,0.315093994140625
37.38,0.118690185,0.31158447265625
37.4,0.10558913,0.271514892578125
37.42,0.084838346,0.271514892578125
37.44,0.060738828,0.18450927734375
37.46,0.06081404,0.1666259765625
37.48,0.07963141,0.320587158203125
37.5,0.107262045,0.32769775390625
37.52,0.11676059,0.32769775390625
37.54,0.11159679,0.32769775390625
37.56,0.10201227,0.317535400390625
37.58,0.102344915,0.317535400390625
37.6,0.112333536,0.317535400390625
37.62,0.1137516,0.313079833984375
37.64,0.098468736,0.29620361328125
37.66,0.075417556,0.209930419921875
37.68,0.07407617,0.179443359375
37.7,0.06842112,0.179443359375
37.72,0.05945756,0.146728515625
37.74,0.054496367,0.146484375
37.76,0.049288716,0.146484375
37.78,0.04544503,0.12060546875
37.8,0.06422147,0.196136474609375
37.82,0.091066234,0.238494873046875
37.84,0.08987174,0.238494873046875
37.86,0.07936858,0.35614013671875
37.88,0.08495698,0.35614013671875
37.9,0.10104086,0.3968505859375
37.92,0.13244575,0.456390380859375
37.94,0.15532938,0.456390380859375
37.96,0.14635387,0.42010498046875
37.98,0.13355394,0.393798828125
38.0,0.12405073,0.36810302734375
38.02,0.10958674,0.366790771484375
38.04,0.0967134,0.288665771484375
38.06,0.09216722,0.288665771484375
38.08,0.08333752,0.253814697265625
38.1,0.07712237,0.21710205078125
38.12,0.0633787,0.208465576171875
38.14,0.074703805,0.190765380859375
38.16,0.08774912,0.254486083984375
38.18,0.07171086,0.254486083984375
38.2,0.06757981,0.183563232421875
38.22,0.06765545,0.183563232421875
38.24,0.08029358,0.29168701171875
38.26,0.14131121,0.47906494140625
38.28,0.1848438,0.47906494140625
38.3,0.17847663,0.456787109375
38.32,0.13283162,0.436431884765625
38.34,0.11965012,0.436431884765625
38.36,0.10861438,0.401611328125
38.38,0.11231461,0.338165283203125
38.4,0.10497928,0.338165283203125
38.42,0.07646862,0.258056640625
38.44,0.05802499,0.145233154296875
38.46,0.069021724,0.272857666015625
38.48,0.08600966,0.290130615234375
38.5,0.09990083,0.366790771484375
38.52,0.08872615,0.366790771484375
38.54,0.07604127,0.217132568359375
38.56,0.08375879,0.395233154296875
38.58,0.107457936,0.395233154296875
38.6,0.16099945,0.53271484375
38.62,0.18634827,0.53271484375
38.64,0.18962471,0.511688232421875
38.66,0.161983,0.511688232421875
38.68,0.12655073,0.511688232421875
38.7,0.114339545,0.313720703125
38.72,0.11160728,0.34490966796875
38.74,0.09745018,0.34490966796875
38.76,0.081954174,0.216033935546875
38.78,0.069935374,0.216033935546875
38.8,0.0791649,0.246368408203125
38.82,0.1094494,0.300262451171875
38.84,0.10637064,0.300262451171875
38.86,0.07809536,0.22979736328125
38.88,0.104567416,0.230682373046875
38.9,0.114291996,0.43426513671875
38.92,0.12936078,0.43426513671875
38.94,0.14200374,0.43426513671875
38.96,0.17333138,0.424163818359375
38.98,0.18252087,0.5167236328125
39.0,0.166929,0.5167236328125
39.02,0.15070774,0.5167236328125
39.04,0.12358652,0.40081787109375
39.06,0.11296148,0.356719970703125
39.08,0.08864576,0.251800537109375
39.1,0.06915195,0.215576171875
39.12,0.065579526,0.173126220703125
39.14,0.07922077,0.18963623046875
39.16,0.07540877,0.18963623046875
39.18,0.08336522,0.266754150390625
39.2,0.10029829,0.3272705078125
39.22,0.13877963,0.401336669921875
39.24,0.16632903,0.46429443359375
39.26,0.18201266,0.50750732421875
39.28,0.17445348,0.50750732421875
39.3,0.161254,0.50750732421875
39.32,0.12874502,0.371551513671875
39.34,0.121483035,0.303863525390625
39.36,0.09752209,0.303466796875
39.38,0.07977758,0.215545654296875
39.4,0.07514211,0.215545654296875
39.42,0.0759444,0.215545654296875
39.44,0.07877834,0.203948974609375
39.46,0.07324999,0.21441650390625
39.48,0.07188592,0.21441650390625
39.5,0.072136454,0.21441650390625
39.52,0.0825256,0.23931884765625
39.54,0.089759484,0.23931884765625
39.56,0.09889205,0.4617919921875
39.58,0.12822537,0.4617919921875
39.6,0.14839178,0.4617919921875
39.62,0.14909346,0.434722900390625
39.64,0.13105948,0.374969482421875
39.66,0.1408165,0.402374267578125
39.68,0.13392988,0.402374267578125
39.7,0.1291428,0.402374267578125
39.72,0.12042596,0.353973388671875
39.74,0.107744254,0.318450927734375
39.76,0.10244707,0.281036376953125
39.78,0.095498316,0.256561279296875
39.8,0.09276517,0.264617919921875
39.82,0.0955491,0.270751953125
39.84,0.08933119,0.270751953125
39.86,0.07130844,0.22064208984375
39.88,0.06947251,0.206268310546875
39.9,0.093882956,0.378448486328125
39.92,0.12315323,0.378448486328125
39.94,0.14375305,0.351043701171875
39.96,0.15654798,0.36956787109375
39.98,0.131257,0.36956787109375
40.0,0.13671517,0.3917236328125
40.02,0.10953455,0.3917236328125
40.04,0.062195662,0.22509765625
40.06,0.049009,0.14495849609375
40.08,0.044795994,0.1329345703125
40.1,0.048377164,0.1329345703125
40.12,0.0652483,0.32647705078125
40.14,0.08504927,0.32647705078125
40.16,0.09205064,0.32647705078125
40.18,0.09240343,0.300537109375
40.2,0.107952654,0.308746337890625
40.22,0.1211367,0.420623779296875
40.24,0.12495112,0.468963623046875
40.26,0.14835522,0.468963623046875
40.28,0.1509391,0.43505859375
40.3,0.12670924,0.43505859375
40.32,0.0905445,0.245361328125
40.34,0.09635857,0.2786865234375
40.36,0.10737648,0.2786865234375
40.38,0.13082734,0.318450927734375
40.4,0.1289998,0.318450927734375
40.42,0.09808562,0.318450927734375
40.44,0.0650025,0.168365478515625
40.46,0.0828854,0.207611083984375
40.48,0.0854609,0.207611083984375
40.5,0.07637048,0.1812744140625
40.52,0.066479005,0.172119140625
40.54,0.06848365,0.172119140625
40.56,0.075110495,0.266082763671875
40.58,0.10669167,0.35198974609375
40.6,0.14461993,0.4112548828125
40.62,0.17273821,0.45880126953125
40.64,0.17267813,0.45880126953125
40.66,0.16274454,0.420989990234375
40.68,0.14697197,0.420989990234375
40.7,0.09964456,0.34521484375
40.72,0.084835924,0.215179443359375
40.74,0.079514675,0.215179443359375
40.76,0.05869483,0.20159912109375
40.78,0.056982983,0.2059326171875
40.8,0.07947619,0.28167724609375
40.82,0.09694519,0.332672119140625
40.84,0.09269164,0.332672119140625
40.86,0.0892457,0.332672119140625
40.88,0.08361509,0.276214599609375
40.9,0.098475374,0.368927001953125
40.92,0.12175932,0.471649169921875
40.94,0.12775841,0.471649169921875
40.96,0.123565406,0.471649169921875
40.98,0.112312086,0.31353759765625
41.0,0.092924,0.231414794921875
41.02,0.06966454,0.211090087890625
41.04,0.07419387,0.227294921875
41.06,0.080657005,0.227294921875
41.08,0.07167545,0.21820068359375
41.1,0.0667174,0.21820068359375
41.12,0.079582445,0.293548583984375
41.14,0.10434739,0.332611083984375
41.16,0.123474814,0.332611083984375
41.18,0.122418955,0.32958984375
41.2,0.11284619,0.303253173828125
41.22,0.11627613,0.32342529296875
41.24,0.12744099,0.393096923828125
41.26,0.13242199,0.4273681640625
41.28,0.12001142,0.4273681640625
41.3,0.09586962,0.28619384765625
41.32,0.08822986,0.28619384765625
41.34,0.07273026,0.211029052734375
41.36,0.059137613,0.208343505859375
41.38,0.052698977,0.208343505859375
41.4,0.04607148,0.138946533203125
41.42,0.044867206,0.10491943359375
41.44,0.050406553,0.158203125
41.46,0.0538937,0.22833251953125
41.48,0.05886573,0.22833251953125
41.5,0.0730344,0.200439453125
41.52,0.07156652,0.200439453125
41.54,0.05934733,0.127410888671875
41.56,0.05675105,0.127410888671875
41.58,0.10209393,0.389007568359375
41.6,0.1494836,0.475830078125
41.62,0.16690898,0.475830078125
41.64,0.16406892,0.475830078125
41.66,0.14951845,0.400970458984375
41.68,0.14393653,0.400970458984375
41.7,0.13978915,0.353424072265625
41.72,0.13051689,0.35748291015625
41.74,0.10412263,0.35748291015625
41.76,0.069276676,0.2183837890625
41.78,0.044715688,0.183319091796875
41.8,0.06944047,0.3785400390625
41.82,0.10323697,0.3785400390625
41.84,0.10784816,0.3785400390625
41.86,0.08679868,0.2694091796875
41.88,0.07933147,0.249237060546875
41.9,0.090049624,0.35125732421875
41.92,0.1154532,0.35125732421875
41.94,0.121534124,0.349273681640625
41.96,0.11125736,0.34521484375
41.98,0.10312708,0.307525634765625
42.0,0.08931895,0.240386962890625
42.02,0.062000815,0.176116943359375
42.04,0.05258228,0.174652099609375
42.06,0.043020077,0.1541748046875
42.08,0.04144483,0.125274658203125
42.1,0.048916243,0.125274658203125
42.12,0.046072643,0.152801513671875
42.14,0.055287406,0.169525146484375
42.16,0.071656615,0.174346923828125
42.18,0.07399324,0.174346923828125
42.2,0.056648303,0.152496337890625
42.22,0.04003421,0.152496337890625
42.24,0.13059898,0.52996826171875
42.26,0.19564317,0.52996826171875
42.28,0.21226159,0.52996826171875
42.3,0.20137262,0.4888916015625
42.32,0.18518686,0.50146484375
42.34,0.17128061,0.50146484375
42.36,0.16508818,0.452117919921875
42.38,0.14087842,0.380279541015625
42.4,0.10231883,0.3782958984375
42.42,0.060336668,0.2196044921875
42.44,0.04976674,0.18316650390625
42.46,0.05785684,0.2010498046875
42.48,0.09333123,0.3524169921875
42.5,0.10650037,0.3524169921875
42.52,0.09784135,0.3524169921875
42.54,0.08143228,0.272918701171875
42.56,0.08050472,0.37640380859375
42.58,0.10471891,0.452362060546875
42.6,0.14420564,0.452362060546875
42.62,0.1613081,0.404998779296875
42.64,0.15895723,0.404998779296875
42.66,0.1440061,0.404998779296875
42.68,0.1192329,0.330291748046875
42.7,0.07659148,0.18939208984375
42.72,0.06832641,0.204010009765625
42.74,0.06177252,0.204010009765625
42.76,0.06834193,0.33367919921875
42.78,0.115648605,0.4085693359375
42.8,0.16275394,0.447784423828125
42.82,0.16845515,0.447784423828125
42.84,0.15500042,0.447784423828125
42.86,0.1494725,0.36468505859375
42.88,0.14925559,0.36468505859375
42.9,0.14403449,0.3909912109375
42.92,0.12944548,0.3909912109375
42.94,0.16143028,0.468719482421875
42.96,0.16985737,0.468719482421875
42.98,0.13479021,0.435516357421875
43.0,0.09435124,0.2425537109375
43.02,0.097852364,0.25634765625
43.04,0.09832256,0.25634765625
43.06,0.11665244,0.251617431640625
43.08,0.12711951,0.251617431640625
43.1,0.10167889,0.2435302734375
43.12,0.079255976,0.23358154296875
43.14,0.11344725,0.416259765625
43.16,0.12778695,0.416259765625
43.18,0.10988343,0.364532470703125
43.2,0.093596034,0.29669189453125
43.22,0.08573185,0.24542236328125
43.24,0.0941728,0.31097412109375
43.26,0.09757569,0.31097412109375
43.28,0.12149976,0.357666015625
43.3,0.13689928,0.357666015625
43.32,0.109797165,0.307708740234375
43.34,0.114549145,0.307708740234375
43.36,0.09465046,0.306549072265625
43.38,0.09388014,0.252716064453125
43.4,0.10864214,0.299346923828125
43.42,0.09476883,0.299346923828125
43.44,0.091166966,0.204010009765625
43.46,0.091219135,0.20367431640625
43.48,0.09762798,0.278839111328125
43.5,0.11454956,0.278839111328125
43.52,0.08261278,0.2164306640625
43.54,0.06778421,0.1943359375
43.56,0.13261256,0.5091552734375
43.58,0.17197065,0.5091552734375
43.6,0.18151487,0.48175048828125
43.62,0.16329089,0.4815673828125
43.64,0.15540299,0.546112060546875
43.66,0.15340763,0.546112060546875
43.68,0.14134854,0.546112060546875
43.7,0.12627375,0.390716552734375
43.72,0.112605534,0.304351806640625
43.74,0.123249434,0.34027099609375
43.76,0.12770426,0.34027099609375
43.78,0.11540239,0.252410888671875
43.8,0.09919116,0.27154541015625
43.82,0.11363148,0.3858642578125
43.84,0.11719995,0.3858642578125
43.86,0.102251805,0.3858642578125
43.88,0.11760205,0.437835693359375
43.9,0.14784563,0.5078125
43.92,0.16119316,0.5078125
43.94,0.14926422,0.410614013671875
43.96,0.120358534,0.31378173828125
43.98,0.109299794,0.308990478515625
44.0,0.098338895,0.308990478515625
44.02,0.077379994,0.263885498046875
44.04,0.06476933,0.18621826171875
44.06,0.07271082,0.249664306640625
44.08,0.089734904,0.26507568359375
44.1,0.105707146,0.26507568359375
44.12,0.09816086,0.255615234375
44.14,0.08203135,0.255615234375
44.16,0.087203614,0.289306640625
44.18,0.101335324,0.29803466796875
44.2,0.09373613,0.29803466796875
44.22,0.10716936,0.4801025390625
44.24,0.12839946,0.4801025390625
44.26,0.1428552,0.45196533203125
44.28,0.13033116,0.3782958984375
44.3,0.109244004,0.349029541015625
44.32,0.08565603,0.2918701171875
44.34,0.07260715,0.21490478515625
44.36,0.069184266,0.206695556640625
44.38,0.07194158,0.2479248046875
44.4,0.07266932,0.2479248046875
44.42,0.069686644,0.228179931640625
44.44,0.072224155,0.228179931640625
44.46,0.08252243,0.229034423828125
44.48,0.101225145,0.2864990234375
44.5,0.09603246,0.2864990234375
44.52,0.066113,0.196044921875
44.54,0.07587578,0.36956787109375
44.56,0.11055417,0.477264404296875
44.58,0.13295904,0.477264404296875
44.6,0.11765077,0.36468505859375
44.62,0.104203716,0.298248291015625
44.64,0.09851425,0.264007568359375
44.66,0.097207576,0.253265380859375
44.68,0.089027114,0.253265380859375
44.7,0.06734819,0.253265380859375
44.72,0.06006147,0.23529052734375
44.74,0.07809152,0.23529052734375
44.76,0.08824507,0.23529052734375
44.78,0.08790196,0.27276611328125
44.8,0.09484589,0.31640625
44.82,0.08816835,0.31640625
44.84,0.06926712,0.169342041015625
44.86,0.07558283,0.354583740234375
44.88,0.0917396,0.354583740234375
44.9,0.13196298,0.431610107421875
44.92,0.15698563,0.4434814453125
44.94,0.16495416,0.4434814453125
44.96,0.13211067,0.385223388671875
44.98,0.10847506,0.3123779296875
45.0,0.10668864,0.2745361328125
45.02,0.09711392,0.270294189453125
45.04,0.09297865,0.304718017578125
45.06,0.09603851,0.304718017578125
45.08,0.095061876,0.304718017578125
45.1,0.07464425,0.245452880859375
45.12,0.07086958,0.241058349609375
45.14,0.10814959,0.33843994140625
45.16,0.11365721,0.33843994140625
45.18,0.083560854,0.33843994140625
45.2,0.077750385,0.25872802734375
45.22,0.0949955,0.40283203125
45.24,0.10216727,0.40283203125
45.26,0.10697221,0.40283203125
45.28,0.10415176,0.322113037109375
45.3,0.10232226,0.322113037109375
45.32,0.09172059,0.322113037109375
45.34,0.06429715,0.23785400390625
45.36,0.06733171,0.26654052734375
45.38,0.082982525,0.26654052734375
45.4,0.092290275,0.222198486328125
45.42,0.08176566,0.222198486328125
45.44,0.06603425,0.202606201171875
45.46,0.082948886,0.31536865234375
45.48,0.11112385,0.31536865234375
45.5,0.10832079,0.31536865234375
45.52,0.073536895,0.273681640625
45.54,0.08306328,0.39312744140625
45.56,0.123552315,0.39312744140625
45.58,0.12951963,0.39312744140625
45.6,0.11670788,0.39129638671875
45.62,0.10101958,0.39129638671875
45.64,0.10375361,0.39129638671875
45.66,0.0851673,0.33782958984375
45.68,0.06277328,0.23175048828125
45.7,0.0792674,0.23175048828125
45.72,0.09168855,0.23175048828125
45.74,0.082838714,0.22344970703125
45.76,0.06457992,0.205169677734375
45.78,0.07307071,0.269317626953125
45.8,0.10037378,0.3309326171875
45.82,0.104704216,0.3309326171875
45.84,0.07301488,0.197998046875
45.86,0.08644073,0.313385009765625
45.88,0.1493106,0.58038330078125
45.9,0.18109061,0.58038330078125
45.92,0.16973081,0.477264404296875
45.94,0.1399315,0.423431396484375
45.96,0.1141155,0.347930908203125
45.98,0.11492313,0.365142822265625
46.0,0.10573752,0.365142822265625
46.02,0.093688205,0.243621826171875
46.04,0.085852906,0.22991943359375
46.06,0.078806035,0.22991943359375
46.08,0.072554104,0.216888427734375
46.1,0.078449525,0.247406005859375
46.12,0.10805229,0.38287353515625
46.14,0.11949951,0.38287353515625
46.16,0.10061683,0.38287353515625
46.18,0.07432152,0.219482421875
46.2,0.09098648,0.42449951171875
46.22,0.13296773,0.42449951171875
46.24,0.14958929,0.42449951171875
46.26,0.146504,0.401336669921875
46.28,0.12519845,0.34185791015625
46.3,0.119134,0.340362548828125
46.32,0.10269366,0.324493408203125
46.34,0.09719915,0.324493408203125
46.36,0.078209884,0.232269287109375
46.38,0.085207716,0.265380859375
46.4,0.10682242,0.265380859375
46.42,0.10386442,0.265380859375
46.44,0.08632949,0.257537841796875
46.46,0.10233802,0.301788330078125
46.48,0.10452451,0.301788330078125
46.5,0.08411355,0.216278076171875
46.52,0.09854981,0.375701904296875
46.54,0.11518821,0.44561767578125
46.56,0.1368464,0.44561767578125
46.58,0.123894945,0.403472900390625
46.6,0.094353065,0.34490966796875
46.62,0.088829406,0.29901123046875
46.64,0.08554688,0.283538818359375
46.66,0.0760937,0.2353515625
46.68,0.06863589,0.2291259765625
46.7,0.081441306,0.236480712890625
46.72,0.09000234,0.236480712890625
46.74,0.09082435,0.235382080078125
46.76,0.086556464,0.235382080078125
46.78,0.09651507,0.237823486328125
46.8,0.102173336,0.26763916015625
46.82,0.09711145,0.26763916015625
46.84,0.08269232,0.253509521484375
46.86,0.09071965,0.41448974609375
46.88,0.10629182,0.41448974609375
46.9,0.12102408,0.34490966796875
46.92,0.11578886,0.318695068359375
46.94,0.099797815,0.29730224609375
46.96,0.09084895,0.29730224609375
46.98,0.068880804,0.188446044921875
47.0,0.06375837,0.188446044921875
47.02,0.061556276,0.20782470703125
47.04,0.076192684,0.20782470703125
47.06,0.087348394,0.208160400390625
47.08,0.077941746,0.208160400390625
47.1,0.067675784,0.229736328125
47.12,0.087600045,0.330810546875
47.14,0.0969551,0.330810546875
47.16,0.08091553,0.330810546875
47.18,0.080292776,0.3902587890625
47.2,0.10555646,0.445709228515625
47.22,0.13437705,0.446197509765625
47.24,0.1264859,0.446197509765625
47.26,0.08977497,0.31658935546875
47.28,0.08682403,0.31658935546875
47.3,0.08482908,0.2451171875
47.32,0.08208105,0.2451171875
47.34,0.07102482,0.2451171875
47.36,0.069588244,0.204864501953125
47.38,0.08193498,0.251800537109375
47.4,0.07505625,0.251800537109375
47.42,0.06180014,0.176544189453125
47.44,0.08318536,0.26123046875
47.46,0.09467877,0.26123046875
47.48,0.09713505,0.26123046875
47.5,0.10551358,0.384521484375
47.52,0.10882921,0.384521484375
47.54,0.1201268,0.425384521484375
47.56,0.15181734,0.46160888671875
47.58,0.16166246,0.46160888671875
47.6,0.13437356,0.343292236328125
47.62,0.10780534,0.27032470703125
47.64,0.106989704,0.317535400390625
47.66,0.10429001,0.317535400390625
47.68,0.10052918,0.393798828125
47.7,0.09004225,0.393798828125
47.72,0.071963035,0.197479248046875
47.74,0.058172632,0.193267822265625
47.76,0.0606789,0.279266357421875
47.78,0.081852004,0.279266357421875
47.8,0.0945628,0.25390625
47.82,0.091772474,0.25531005859375
47.84,0.10840882,0.400054931640625
47.86,0.114562124,0.400054931640625
47.88,0.14136648,0.474853515625
47.9,0.13293983,0.474853515625
47.92,0.110272095,0.474853515625
47.94,0.08686442,0.267669677734375
47.96,0.066969134,0.267669677734375
47.98,0.053380333,0.154449462890625
48.0,0.06537936,0.222412109375
48.02,0.06740967,0.222412109375
48.04,0.060959857,0.17724609375
48.06,0.057869986,0.17724609375
48.08,0.060507882,0.22088623046875
48.1,0.063719824,0.22088623046875
48.12,0.07012322,0.22088623046875
48.14,0.07011429,0.1656494140625
48.16,0.06057598,0.23175048828125
48.18,0.072074555,0.23175048828125
48.2,0.11559906,0.434051513671875
48.22,0.11165706,0.434051513671875
48.24,0.101050064,0.423980712890625
48.26,0.0870539,0.264984130859375
48.28,0.078227736,0.264984130859375
48.3,0.062294483,0.1927490234375
48.32,0.059642844,0.19189453125
48.34,0.067922994,0.225982666015625
48.36,0.070365794,0.225982666015625
48.38,0.060461946,0.17767333984375
48.4,0.054225683,0.163543701171875
48.42,0.067727685,0.224578857421875
48.44,0.08625418,0.23736572265625
48.46,0.087773554,0.23736572265625
48.48,0.07151609,0.195556640625
48.5,0.080543816,0.31689453125
48.52,0.12965542,0.57647705078125
48.54,0.15736233,0.57647705078125
48.56,0.14860041,0.463348388671875
48.58,0.120503396,0.463348388671875
48.6,0.10313214,0.374542236328125
48.62,0.097147375,0.374542236328125
48.64,0.087285146,0.25469970703125
48.66,0.08709542,0.25469970703125
48.68,0.08729159,0.24542236328125
48.7,0.07277349,0.243194580078125
48.72,0.061330087,0.20819091796875
48.74,0.06275703,0.195037841796875
48.76,0.101677306,0.29901123046875
48.78,0.104709886,0.29901123046875
48.8,0.07773941,0.23553466796875
48.82,0.07766612,0.289306640625
48.84,0.1080966,0.36968994140625
48.86,0.12549704,0.437286376953125
48.88,0.123677164,0.437286376953125
48.9,0.14543301,0.35272216796875
48.92,0.1718819,0.441741943359375
48.94,0.15951997,0.441741943359375
48.96,0.14025587,0.3743896484375
48.98,0.1294996,0.28314208984375
49.0,0.13394062,0.28314208984375
49.02,0.14303361,0.28314208984375
49.04,0.13890919,0.31591796875
49.06,0.13835901,0.3465576171875
49.08,0.13830455,0.381927490234375
49.1,0.140816,0.381927490234375
49.12,0.13566254,0.381927490234375
49.14,0.10316668,0.31103515625
49.16,0.09228817,0.276092529296875
49.18,0.09772568,0.30303955078125
49.2,0.108805574,0.335784912109375
49.22,0.12996404,0.457672119140625
49.24,0.16156013,0.489013671875
49.26,0.16510381,0.489013671875
49.28,0.12905832,0.357574462890625
49.3,0.11580633,0.28204345703125
49.32,0.107049756,0.28204345703125
49.34,0.102875955,0.2359619140625
49.36,0.09168087,0.2359619140625
49.38,0.06784431,0.206756591796875
49.4,0.07088729,0.206756591796875
49.42,0.07090702,0.206756591796875
49.44,0.07842039,0.209442138671875
49.46,0.07212516,0.209442138671875
49.48,0.045995757,0.145294189453125
49.5,0.056405656,0.147064208984375
49.52,0.064257465,0.32879638671875
49.54,0.09025676,0.428863525390625
49.56,0.15693995,0.431793212890625
49.58,0.19412485,0.45172119140625
49.6,0.17688134,0.45172119140625
49.62,0.16051714,0.45172119140625
49.64,0.13425143,0.3638916015625
49.66,0.12137649,0.335601806640625
49.68,0.12228244,0.32550048828125
49.7,0.11013346,0.32550048828125
49.72,0.084021285,0.283172607421875
49.74,0.06867957,0.2606201171875
49.76,0.09587149,0.311737060546875
49.78,0.12527704,0.359130859375
49.8,0.13300008,0.359130859375
49.82,0.13478561,0.364288330078125
49.84,0.1411872,0.364288330078125
49.86,0.13235027,0.385528564453125
49.88,0.13707845,0.3857421875
49.9,0.17182398,0.560211181640625
49.92,0.1919432,0.560211181640625
49.94,0.19242197,0.413360595703125
49.96,0.18183658,0.38604736328125
49.98,0.15240748,0.351409912109375
50.0,0.113036774,0.351409912109375
50.02,0.08088979,0.25482177734375
50.04,0.06767098,0.18048095703125
50.06,0.0600485,0.27386474609375
50.08,0.069788255,0.27386474609375
50.1,0.070765756,0.232818603515625
50.12,0.08891025,0.233123779296875
50.14,0.08498981,0.233123779296875
50.16,0.047802676,0.135772705078125
50.18,0.06334373,0.179107666015625
50.2,0.08128118,0.2918701171875
50.22,0.14782429,0.532012939453125
50.24,0.1757856,0.532012939453125
50.26,0.15904501,0.39862060546875
50.28,0.15281564,0.386505126953125
50.3,0.13339023,0.367034912109375
50.32,0.1265321,0.330047607421875
50.34,0.11634084,0.302398681640625
50.36,0.106363215,0.25958251953125
50.38,0.10181322,0.248321533203125
50.4,0.086746156,0.241607666015625
50.42,0.08653395,0.2689208984375
50.44,0.10231866,0.304443359375
50.46,0.11631618,0.304443359375
50.48,0.1247328,0.303314208984375
50.5,0.12874028,0.303314208984375
50.52,0.13587251,0.333648681640625
50.54,0.14583394,0.439910888671875
50.56,0.14766659,0.439910888671875
50.58,0.15666944,0.41058349609375
50.6,0.18562776,0.4678955078125
50.62,0.18587226,0.4678955078125
50.64,0.1789718,0.41595458984375
50.66,0.16277567,0.344757080078125
50.68,0.15659574,0.344757080078125
50.7,0.16600884,0.344757080078125
50.72,0.1556866,0.3262939453125
50.74,0.13157398,0.27105712890625
50.76,0.12062334,0.331817626953125
50.78,0.13455127,0.366363525390625
50.8,0.1233635,0.366363525390625
50.82,0.12096629,0.366363525390625
50.84,0.10023684,0.24224853515625
50.86,0.09139759,0.20733642578125
50.88,0.096242614,0.488433837890625
50.9,0.1290871,0.488433837890625
50.92,0.1487881,0.4697265625
50.94,0.17028984,0.4697265625
50.96,0.1756885,0.44061279296875
50.98,0.17662272,0.44061279296875
51.0,0.15304315,0.41339111328125
51.02,0.120171525,0.337890625
51.04,0.112714194,0.327239990234375
51.06,0.1208444,0.327239990234375
51.08,0.11330938,0.29156494140625
51.1,0.10907741,0.360595703125
51.12,0.13015229,0.381072998046875
51.14,0.13365775,0.381072998046875
51.16,0.122508086,0.312774658203125
51.18,0.12756935,0.3480224609375
51.2,0.14399056,0.51806640625
51.22,0.16421232,0.51806640625
51.24,0.18513504,0.608489990234375
51.26,0.19739644,0.608489990234375
51.28,0.17019711,0.4658203125
51.3,0.154981,0.3868408203125
51.32,0.13612388,0.368682861328125
51.34,0.123688065,0.33184814453125
51.36,0.10160611,0.312347412109375
51.38,0.07278916,0.312347412109375
51.4,0.060167868,0.166015625
51.42,0.062512964,0.180450439453125
51.44,0.0824945,0.254150390625
51.46,0.08444966,0.254150390625
51.48,0.07021146,0.1893310546875
51.5,0.07540962,0.301483154296875
51.52,0.10085063,0.318084716796875
51.54,0.11396363,0.318084716796875
51.56,0.124697074,0.413848876953125
51.58,0.12604196,0.413848876953125
51.6,0.11516545,0.329498291015625
51.62,0.10149299,0.327117919921875
51.64,0.07833773,0.243560791015625
51.66,0.07120381,0.188507080078125
51.68,0.08022717,0.2235107421875
51.7,0.08091286,0.2235107421875
51.72,0.07002303,0.26800537109375
51.74,0.0811409,0.34033203125
51.76,0.09882158,0.34033203125
51.78,0.120595604,0.381622314453125
51.8,0.1302027,0.381622314453125
51.82,0.112349786,0.357025146484375
51.84,0.107072785,0.3116455078125
51.86,0.10313488,0.3116455078125
51.88,0.10752754,0.462921142578125
51.9,0.11502261,0.462921142578125
51.92,0.09683182,0.278900146484375
51.94,0.0830695,0.2257080078125
51.96,0.073998146,0.222869873046875
51.98,0.060567692,0.145538330078125
52.0,0.07160755,0.187225341796875
52.02,0.06703743,0.187225341796875
52.04,0.05684481,0.187225341796875
52.06,0.06181925,0.2996826171875
52.08,0.092957206,0.3316650390625
52.1,0.109572396,0.3316650390625
52.12,0.11021606,0.32635498046875
52.14,0.11480309,0.3193359375
52.16,0.11404234,0.3193359375
52.18,0.111347295,0.35296630859375
52.2,0.10927037,0.35296630859375
52.22,0.11482555,0.321380615234375
52.24,0.11195416,0.299102783203125
52.26,0.09483123,0.253662109375
52.28,0.093198635,0.2288818359375
52.3,0.08707554,0.2288818359375
52.32,0.07389858,0.2236328125
52.34,0.06572332,0.174468994140625
52.36,0.06652773,0.174468994140625
52.38,0.055634446,0.12957763671875
52.4,0.047953136,0.154541015625
52.42,0.051949695,0.1788330078125
52.44,0.0789277,0.22418212890625
52.46,0.09065698,0.22418212890625
52.48,0.08402339,0.22418212890625
52.5,0.06547561,0.179595947265625
52.52,0.09085222,0.347503662109375
52.54,0.124616005,0.47161865234375
52.56,0.13427374,0.47161865234375
52.58,0.117954336,0.47161865234375
52.6,0.100988664,0.320709228515625
52.62,0.09797489,0.31951904296875
52.64,0.09832053,0.31951904296875
52.66,0.08362761,0.25677490234375
52.68,0.079331115,0.2327880859375
52.7,0.07501233,0.2327880859375
52.72,0.07161335,0.21685791015625
52.74,0.07623073,0.21881103515625
52.76,0.08892124,0.23297119140625
52.78,0.10834473,0.289154052734375
52.8,0.10751733,0.289154052734375
52.82,0.087659195,0.269195556640625
52.84,0.09487654,0.29931640625
52.86,0.11463509,0.454193115234375
52.88,0.14423788,0.454193115234375
52.9,0.16062471,0.454193115234375
52.92,0.14125286,0.43292236328125
52.94,0.121065885,0.43292236328125
52.96,0.10184926,0.351104736328125
52.98,0.100173466,0.28656005859375
53.0,0.107280836,0.30987548828125
53.02,0.09671446,0.30987548828125
53.04,0.075478025,0.30438232421875
53.06,0.06180614,0.20599365234375
53.08,0.08655901,0.384490966796875
53.1,0.112564035,0.384490966796875
53.12,0.13352917,0.384490966796875
53.14,0.124722384,0.35089111328125
53.16,0.09889961,0.272857666015625
53.18,0.10935711,0.416412353515625
53.2,0.12916155,0.461639404296875
53.22,0.13879025,0.461639404296875
53.24,0.13543311,0.39556884765625
53.26,0.11727512,0.343963623046875
53.28,0.11043436,0.343963623046875
53.3,0.099894084,0.3017578125
53.32,0.098331474,0.3017578125
53.34,0.09779474,0.28338623046875
53.36,0.08134561,0.25628662109375
53.38,0.0565055,0.238555908203125
53.4,0.060883977,0.213287353515625
53.42,0.075087875,0.241424560546875
53.44,0.09381896,0.2802734375
53.46,0.100714594,0.2802734375
53.48,0.089110926,0.263214111328125
53.5,0.0606125,0.198699951171875
53.52,0.06964039,0.260040283203125
53.54,0.10442058,0.430694580078125
53.56,0.1264795,0.430694580078125
53.58,0.11601483,0.3905029296875
53.6,0.11484814,0.272064208984375
53.62,0.11041845,0.283966064453125
53.64,0.10484437,0.283966064453125
53.66,0.08930374,0.27374267578125
53.68,0.09553964,0.27374267578125
53.7,0.07746484,0.25732421875
53.72,0.065247044,0.25732421875
53.74,0.06902804,0.227691650390625
53.76,0.11077174,0.378326416015625
53.78,0.14042412,0.42755126953125
53.8,0.14117396,0.42755126953125
53.82,0.10985424,0.417266845703125
53.84,0.09386992,0.284393310546875
53.86,0.087060355,0.34613037109375
53.88,0.11241624,0.34613037109375
53.9,0.112806566,0.34613037109375
53.92,0.094791695,0.336181640625
53.94,0.06896721,0.227874755859375
53.96,0.058454562,0.176849365234375
53.98,0.056639913,0.176849365234375
54.0,0.06032626,0.20477294921875
54.02,0.058096852,0.20477294921875
54.04,0.045577418,0.183502197265625
54.06,0.041460454,0.126983642578125
54.08,0.04383655,0.126983642578125
54.1,0.06749123,0.20458984375
54.12,0.075778164,0.20458984375
54.14,0.067913875,0.200103759765625
54.16,0.04404387,0.128997802734375
54.18,0.04528833,0.128997802734375
54.2,0.0690069,0.372772216796875
54.22,0.108228855,0.4232177734375
54.24,0.15053685,0.4232177734375
54.26,0.16614337,0.409149169921875
54.28,0.15096197,0.38690185546875
54.3,0.1239584,0.38690185546875
54.32,0.11377442,0.38690185546875
54.34,0.09910369,0.25244140625
54.36,0.10485723,0.24725341796875
54.38,0.10131646,0.255615234375
54.4,0.09109262,0.255615234375
54.42,0.07199826,0.2410888671875
54.44,0.08732178,0.36090087890625
54.46,0.11232747,0.472747802734375
54.48,0.11461296,0.472747802734375
54.5,0.08380929,0.31646728515625
54.52,0.08750669,0.337188720703125
54.54,0.114875026,0.3768310546875
54.56,0.12188977,0.393402099609375
54.58,0.13723442,0.393402099609375
54.6,0.18293563,0.428497314453125
54.62,0.18321005,0.428497314453125
54.64,0.15406083,0.369232177734375
54.66,0.1284612,0.339874267578125
54.68,0.093612045,0.25946044921875
54.7,0.09830495,0.2462158203125
54.72,0.117666386,0.334197998046875
54.74,0.11481491,0.340301513671875
54.76,0.099931106,0.340301513671875
54.78,0.0946829,0.344390869140625
54.8,0.10894454,0.344390869140625
54.82,0.10550886,0.3040771484375
54.84,0.11007723,0.3040771484375
54.86,0.105091505,0.3404541015625
54.88,0.12516999,0.448974609375
54.9,0.14131364,0.448974609375
54.92,0.15950426,0.452911376953125
54.94,0.15684634,0.452911376953125
54.96,0.13566428,0.33367919921875
54.98,0.12542321,0.33367919921875
55.0,0.09074503,0.209014892578125
55.02,0.08670727,0.245513916015625
55.04,0.09283127,0.245513916015625
55.06,0.10466406,0.249725341796875
55.08,0.10337368,0.249725341796875
55.1,0.10204497,0.2537841796875
55.12,0.1193665,0.301849365234375
55.14,0.11679331,0.301849365234375
55.16,0.10629279,0.319610595703125
55.18,0.100646004,0.319610595703125
55.2,0.11939882,0.420166015625
55.22,0.13346903,0.420166015625
55.24,0.15028343,0.456085205078125
55.26,0.14842944,0.456085205078125
55.28,0.13361299,0.33355712890625
55.3,0.14011455,0.352813720703125
55.32,0.11664042,0.352813720703125
55.34,0.104353674,0.352813720703125
55.36,0.08468063,0.2113037109375
55.38,0.090647206,0.22564697265625
55.4,0.089518785,0.22564697265625
55.42,0.06945917,0.197418212890625
55.44,0.06258248,0.167327880859375
55.46,0.057940666,0.167327880859375
55.48,0.054209877,0.158935546875
55.5,0.059314437,0.1739501953125
55.52,0.07664206,0.21820068359375
55.54,0.09945218,0.351531982421875
55.56,0.13769342,0.360107421875
55.58,0.13288172,0.360107421875
55.6,0.12201993,0.288665771484375
55.62,0.11090127,0.249267578125
55.64,0.10508381,0.231201171875
55.66,0.11028496,0.25628662109375
55.68,0.098766886,0.25628662109375
55.7,0.10482783,0.32257080078125
55.72,0.09607488,0.32257080078125
55.74,0.08569763,0.309326171875
55.76,0.08222122,0.1826171875
55.78,0.0958729,0.21405029296875
55.8,0.10156607,0.21405029296875
55.82,0.100777686,0.26861572265625
55.84,0.07941438,0.26861572265625
55.86,0.08638629,0.360595703125
55.88,0.11700388,0.383941650390625
55.9,0.1248086,0.383941650390625
55.92,0.10415689,0.3114013671875
55.94,0.09642485,0.3114013671875
55.96,0.0793491,0.2880859375
55.98,0.06531749,0.19439697265625
56.0,0.06523715,0.179290771484375
56.02,0.059365656,0.1737060546875
56.04,0.057789773,0.208221435546875
56.06,0.053303573,0.208221435546875
56.08,0.060249206,0.1490478515625
56.1,0.0995115,0.267181396484375
56.12,0.10407406,0.267181396484375
56.14,0.07470621,0.19378662109375
56.16,0.069127806,0.1741943359375
56.18,0.06938759,0.1741943359375
56.2,0.083604656,0.30731201171875
56.22,0.13524792,0.3878173828125
56.24,0.1752633,0.401641845703125
56.26,0.16938598,0.401641845703125
56.28,0.089360245,0.276885986328125
56.3,0.07382313,0.166656494140625
56.32,0.08433586,0.176483154296875
56.34,0.11445123,0.286834716796875
56.36,0.13055281,0.286834716796875
56.38,0.116559856,0.24871826171875
56.4,0.080494,0.177734375
56.42,0.105232745,0.523895263671875
56.44,0.14600667,0.523895263671875
56.46,0.15752257,0.473602294921875
56.48,0.13601236,0.41656494140625
56.5,0.11768348,0.350616455078125
56.52,0.10792445,0.491912841796875
56.54,0.12670967,0.491912841796875
56.56,0.15537986,0.491912841796875
56.58,0.1810469,0.478057861328125
56.6,0.17120181,0.478057861328125
56.62,0.12317984,0.3077392578125
56.64,0.10471402,0.291351318359375
56.66,0.08821662,0.291107177734375
56.68,0.086705714,0.286590576171875
56.7,0.09570782,0.286590576171875
56.72,0.080579005,0.21038818359375
56.74,0.06155905,0.191619873046875
56.76,0.06224881,0.1976318359375
56.78,0.09495386,0.25714111328125
56.8,0.100614786,0.25714111328125
56.82,0.08175,0.248077392578125
56.84,0.09213254,0.24774169921875
56.86,0.0969007,0.41754150390625
56.88,0.10322372,0.41754150390625
56.9,0.119116336,0.41754150390625
56.92,0.11494891,0.307647705078125
56.94,0.11909783,0.307647705078125
56.96,0.116550945,0.295501708984375
56.98,0.0994979,0.253692626953125
57.0,0.10076704,0.253692626953125
57.02,0.09055254,0.242950439453125
57.04,0.084828034,0.214569091796875
57.06,0.083182566,0.214569091796875
57.08,0.07870527,0.22320556640625
57.1,0.07961736,0.248291015625
57.12,0.094813466,0.248291015625
57.14,0.083606005,0.2398681640625
57.16,0.08335474,0.20550537109375
57.18,0.10189973,0.248138427734375
57.2,0.121991396,0.420806884765625
57.22,0.13836147,0.519439697265625
57.24,0.14429717,0.519439697265625
57.26,0.14234059,0.519439697265625
57.28,0.12469714,0.37945556640625
57.3,0.10955683,0.37945556640625
57.32,0.089736514,0.24481201171875
57.34,0.09018071,0.29571533203125
57.36,0.08335287,0.29571533203125
57.38,0.07018133,0.227020263671875
57.4,0.06100726,0.2021484375
57.42,0.054842465,0.167327880859375
57.44,0.060498837,0.167327880859375
57.46,0.065319985,0.175079345703125
57.48,0.07253008,0.207244873046875
57.5,0.08529305,0.214996337890625
57.52,0.081893645,0.214996337890625
57.54,0.08988586,0.337066650390625
57.56,0.10906533,0.34857177734375
57.58,0.11528701,0.34857177734375
57.6,0.10447881,0.324432373046875
57.62,0.101732224,0.324432373046875
57.64,0.08925483,0.25640869140625
57.66,0.07549719,0.21563720703125
57.68,0.07830755,0.20953369140625
57.7,0.075589165,0.20953369140625
57.72,0.05830603,0.1544189453125
57.74,0.0466148,0.113616943359375
57.76,0.055139467,0.2689208984375
57.78,0.07527338,0.2689208984375
57.8,0.09510677,0.233978271484375
57.82,0.08669325,0.233978271484375
57.84,0.07823293,0.20574951171875
57.86,0.086021796,0.400177001953125
57.88,0.10715406,0.406524658203125
57.9,0.13810036,0.441741943359375
57.92,0.14197598,0.441741943359375
57.94,0.12710577,0.389312744140625
57.96,0.120704524,0.389312744140625
57.98,0.11763904,0.341827392578125
58.0,0.10223456,0.341827392578125
58.02,0.088956885,0.2506103515625
58.04,0.076329716,0.2506103515625
58.06,0.05676155,0.156585693359375
58.08,0.059155207,0.165740966796875
58.1,0.05767329,0.16925048828125
58.12,0.062230837,0.16925048828125
58.14,0.06735019,0.20208740234375
58.16,0.07008735,0.20208740234375
58.18,0.064552404,0.20208740234375
58.2,0.067074485,0.23028564453125
58.22,0.08505109,0.383941650390625
58.24,0.11677783,0.383941650390625
58.26,0.13574153,0.379119873046875
58.28,0.1452647,0.379119873046875
58.3,0.12994078,0.3154296875
58.32,0.10347203,0.309417724609375
58.34,0.09266414,0.245941162109375
58.36,0.09425251,0.230926513671875
58.38,0.08866661,0.230926513671875
58.4,0.075645655,0.209259033203125
58.42,0.06318853,0.2044677734375
58.44,0.05735394,0.164093017578125
58.46,0.07737283,0.204345703125
58.48,0.079393364,0.204345703125
58.5,0.059949093,0.204345703125
58.52,0.043760985,0.129547119140625
58.54,0.052399386,0.298797607421875
58.56,0.1029882,0.52105712890625
58.58,0.1697436,0.627593994140625
58.6,0.19030423,0.627593994140625
58.62,0.21041715,0.627593994140625
58.64,0.19679894,0.528106689453125
58.66,0.18887407,0.503509521484375
58.68,0.16294514,0.4390869140625
58.7,0.13221133,0.34478759765625
58.72,0.10016361,0.26220703125
58.74,0.08718159,0.26220703125
58.76,0.07499101,0.242431640625
58.78,0.06557808,0.224517822265625
58.8,0.07076852,0.223419189453125
58.82,0.08484525,0.25445556640625
58.84,0.08233116,0.25445556640625
58.86,0.06843398,0.1851806640625
58.88,0.061718296,0.1851806640625
58.9,0.08177081,0.3544921875
58.92,0.15606433,0.5416259765625
58.94,0.2039405,0.5416259765625
58.96,0.2005804,0.5416259765625
58.98,0.14428142,0.41217041015625
59.0,0.12019297,0.35882568359375
59.02,0.10926451,0.35882568359375
59.04,0.10537258,0.29888916015625
59.06,0.115962364,0.29888916015625
59.08,0.108948074,0.29888916015625
59.1,0.10320716,0.212127685546875
59.12,0.1406678,0.4429931640625
59.14,0.187338,0.509918212890625
59.16,0.19621353,0.57244873046875
59.18,0.20650432,0.64788818359375
59.2,0.21203238,0.64788818359375
59.22,0.18646096,0.564453125
59.24,0.19564146,0.817047119140625
59.26,0.2118897,0.817047119140625
59.28,0.20360996,0.647705078125
59.3,0.20134011,0.647705078125
59.32,0.20796925,0.656707763671875
59.34,0.19138524,0.656707763671875
59.36,0.15861614,0.459014892578125
59.38,0.14883702,0.520904541015625
59.4,0.14536871,0.520904541015625
59.42,0.12461714,0.389404296875
59.44,0.13794902,0.410369873046875
59.46,0.11850088,0.410369873046875
59.48,0.090009905,0.277496337890625
59.5,0.07419933,0.2320556640625
59.52,0.068601616,0.28277587890625
59.54,0.09408085,0.3394775390625
59.56,0.10480777,0.355743408203125
59.58,0.13175775,0.5390625
59.6,0.18178892,0.56011962890625
59.62,0.21269362,0.750579833984375
59.64,0.20974565,0.750579833984375
59.66,0.1990406,0.750579833984375
59.68,0.19125105,0.720977783203125
59.7,0.17623307,0.694091796875
59.72,0.16853276,0.63970947265625
59.74,0.16275053,0.63970947265625
59.76,0.14687943,0.564666748046875
59.78,0.13170451,0.564666748046875
59.8,0.120058395,0.33721923828125
59.82,0.14020118,0.445953369140625
59.84,0.14676659,0.466827392578125
59.86,0.13745236,0.466827392578125
59.88,0.12321099,0.4515380859375
59.9,0.121906616,0.371337890625
59.92,0.13406764,0.512420654296875
59.94,0.17675199,0.55194091796875
59.96,0.19521812,0.55194091796875
59.98,0.21211097,0.541229248046875
60.0,0.19442314,0.523040771484375
60.02,0.17982829,0.525421142578125
60.04,0.14209709,0.525421142578125
60.06,0.118515514,0.396759033203125
60.08,0.106699035,0.3260498046875
60.1,0.099152215,0.274749755859375
60.12,0.09768161,0.2344970703125
60.14,0.09125315,0.2344970703125
60.16,0.06942186,0.207275390625
60.18,0.06653865,0.184906005859375
60.2,0.06492811,0.184906005859375
60.22,0.06372624,0.153533935546875
60.24,0.059717376,0.145782470703125
60.26,0.1439975,0.51007080078125
60.28,0.20000403,0.51007080078125
60.3,0.22061624,0.51007080078125
60.32,0.22147116,0.518524169921875
60.34,0.21143164,0.518524169921875
60.36,0.19817318,0.506195068359375
60.38,0.18068159,0.506195068359375
60.4,0.16391522,0.47015380859375
60.42,0.14606594,0.47015380859375
60.44,0.1317034,0.3974609375
60.46,0.11360804,0.32830810546875
60.48,0.09102194,0.262603759765625
60.5,0.07844151,0.262603759765625
60.52,0.07069619,0.19708251953125
60.54,0.070320815,0.19708251953125
60.56,0.07448321,0.17291259765625
60.58,0.07010058,0.172698974609375
60.6,0.089631364,0.36865234375
60.62,0.110756904,0.36865234375
60.64,0.106898986,0.356658935546875
60.66,0.09440715,0.356658935546875
60.68,0.06740789,0.26318359375
60.7,0.05088528,0.1640625
60.72,0.055620275,0.1640625
60.74,0.050790142,0.1390380859375
60.76,0.042832088,0.10748291015625
60.78,0.03510408,0.09344482421875
60.8,0.03327781,0.09344482421875
60.82,0.036057673,0.1058349609375
60.84,0.056748487,0.204742431640625
60.86,0.06989682,0.221710205078125
60.88,0.07904781,0.225067138671875
60.9,0.08126611,0.240447998046875
60.92,0.079205655,0.240447998046875
60.94,0.10499419,0.3570556640625
60.96,0.13522759,0.420318603515625
60.98,0.15623704,0.507232666015625
61.0,0.14470874,0.507232666015625
61.02,0.13449426,0.507232666015625
61.04,0.12010082,0.36175537109375
61.06,0.107587345,0.321624755859375
61.08,0.08847839,0.21734619140625
61.1,0.0829885,0.214202880859375
61.12,0.09260796,0.283599853515625
61.14,0.096042775,0.283599853515625
61.16,0.08609402,0.263641357421875
61.18,0.08737117,0.263641357421875
61.2,0.091396816,0.27313232421875
61.22,0.10964847,0.29876708984375
61.24,0.12335062,0.3221435546875
61.26,0.12415085,0.344573974609375
61.28,0.1450406,0.471649169921875
61.3,0.13841535,0.471649169921875
61.32,0.11636184,0.360504150390625
61.34,0.11148871,0.27215576171875
61.36,0.10043967,0.252685546875
61.38,0.087830596,0.213043212890625
61.4,0.07911645,0.201751708984375
61.42,0.06796656,0.207275390625
61.44,0.062151767,0.207275390625
61.46,0.06999856,0.207275390625
61.48,0.08240594,0.26287841796875
61.5,0.09993982,0.34716796875
61.52,0.12964049,0.424652099609375
61.54,0.13452332,0.424652099609375
61.56,0.13249303,0.418731689453125
61.58,0.16193937,0.49066162109375
61.6,0.16377811,0.49066162109375
61.62,0.14704446,0.477325439453125
61.64,0.14657545,0.477325439453125
61.66,0.16233592,0.480194091796875
61.68,0.15894642,0.480194091796875
61.7,0.12803578,0.480194091796875
61.72,0.08855634,0.261993408203125
61.74,0.09123146,0.261993408203125
61.76,0.08765389,0.261993408203125
61.78,0.07890903,0.24444580078125
61.8,0.06514089,0.24444580078125
61.82,0.059627563,0.182159423828125
61.84,0.06780277,0.193359375
61.86,0.07452169,0.212432861328125
61.88,0.07394933,0.212432861328125
61.9,0.059403602,0.193084716796875
61.92,0.06748188,0.216796875
61.94,0.14069413,0.728790283203125
61.96,0.16724072,0.728790283203125
61.98,0.17259407,0.728790283203125
62.0,0.15719293,0.5455322265625
62.02,0.1402735,0.40234375
62.04,0.12867488,0.40234375
62.06,0.112448916,0.331268310546875
62.08,0.10277103,0.281829833984375
62.1,0.103497766,0.281829833984375
62.12,0.0988676,0.268035888671875
62.14,0.09901517,0.268035888671875
62.16,0.12157058,0.584259033203125
62.18,0.16158009,0.584259033203125
62.2,0.17819835,0.584259033203125
62.22,0.15501912,0.38897705078125
62.24,0.14426365,0.38897705078125
62.26,0.13188958,0.38330078125
62.28,0.13884123,0.49981689453125
62.3,0.15190941,0.49981689453125
62.32,0.15256906,0.4906005859375
62.34,0.14830476,0.468963623046875
62.36,0.13353725,0.379974365234375
62.38,0.119391546,0.379974365234375
62.4,0.11000629,0.33306884765625
62.42,0.10733384,0.2999267578125
62.44,0.10080782,0.2999267578125
62.46,0.08313361,0.2857666015625
62.48,0.059892625,0.190826416015625
62.5,0.08328819,0.2618408203125
62.52,0.104099505,0.284515380859375
62.54,0.11512238,0.335052490234375
62.56,0.11508491,0.335052490234375
62.58,0.11566011,0.333404541015625
62.6,0.11220111,0.350982666015625
62.62,0.13169512,0.40484619140625
62.64,0.13193665,0.425201416015625
62.66,0.11947614,0.425201416015625
62.68,0.10062088,0.331817626953125
62.7,0.09265556,0.2850341796875
62.72,0.08909578,0.2850341796875
62.74,0.08672268,0.225799560546875
62.76,0.07766254,0.2161865234375
62.78,0.06466741,0.183380126953125
62.8,0.059219897,0.177886962890625
62.82,0.066137485,0.187774658203125
62.84,0.07197464,0.187774658203125
62.86,0.07200192,0.187774658203125
62.88,0.08241783,0.1949462890625
62.9,0.08578745,0.220001220703125
62.92,0.07240171,0.220001220703125
62.94,0.100766785,0.36505126953125
62.96,0.15879203,0.472412109375
62.98,0.18950674,0.532501220703125
63.0,0.19468756,0.532501220703125
63.02,0.1857961,0.495513916015625
63.04,0.16748638,0.4901123046875
63.06,0.14220558,0.388519287109375
63.08,0.13401239,0.388519287109375
63.1,0.13426867,0.3878173828125
63.12,0.1351061,0.33306884765625
63.14,0.13052672,0.336334228515625
63.16,0.1292563,0.336334228515625
63.18,0.13526683,0.3563232421875
63.2,0.1439895,0.415557861328125
63.22,0.12864006,0.415557861328125
63.24,0.096517816,0.36126708984375
63.26,0.07673933,0.21063232421875
63.28,0.10762454,0.37652587890625
63.3,0.1255697,0.37652587890625
63.32,0.12292238,0.37652587890625
63.34,0.09949215,0.3255615234375
63.36,0.077643156,0.227874755859375
63.38,0.073515475,0.255218505859375
63.4,0.0674917,0.255218505859375
63.42,0.049379654,0.191436767578125
63.44,0.038807917,0.1038818359375
63.46,0.038933896,0.099151611328125
63.48,0.038187534,0.09796142578125
63.5,0.03907631,0.162994384765625
63.52,0.06748297,0.3006591796875
63.54,0.08309146,0.3006591796875
63.56,0.081054345,0.3006591796875
63.58,0.07214811,0.220733642578125
63.6,0.07224029,0.220733642578125
63.62,0.110317916,0.48248291015625
63.64,0.16458593,0.48248291015625
63.66,0.20535041,0.547576904296875
63.68,0.1840462,0.547576904296875
63.7,0.14088964,0.420989990234375
63.72,0.14317982,0.420989990234375
63.74,0.17587581,0.45880126953125
63.76,0.16907732,0.45880126953125
63.78,0.12115837,0.45880126953125
63.8,0.056317683,0.1845703125
63.82,0.050472654,0.216094970703125
63.84,0.06693193,0.2322998046875
63.86,0.09863619,0.3316650390625
63.88,0.09920899,0.3316650390625
63.9,0.092504546,0.3316650390625
63.92,0.07827965,0.24151611328125
63.94,0.08656618,0.41912841796875
63.96,0.103273295,0.41912841796875
63.98,0.10878312,0.41912841796875
64.0,0.08105784,0.2802734375
64.02,0.08161899,0.242340087890625
64.04,0.07505639,0.242340087890625
64.06,0.05928788,0.17901611328125
64.08,0.051040985,0.173980712890625
64.1,0.046167176,0.15667724609375
64.12,0.05546299,0.290313720703125
64.14,0.084046595,0.355560302734375
64.16,0.11908589,0.382110595703125
64.18,0.13416862,0.382110595703125
64.2,0.13388558,0.4410400390625
64.22,0.12753221,0.4410400390625
64.24,0.103238575,0.324493408203125
64.26,0.08919765,0.2845458984375
64.28,0.08563641,0.37158203125
64.3,0.09977038,0.37158203125
64.32,0.12273348,0.410552978515625
64.34,0.11737718,0.410552978515625
64.36,0.09480874,0.306549072265625
64.38,0.08796502,0.24847412109375
64.4,0.07795103,0.24847412109375
64.42,0.062173843,0.201202392578125
64.44,0.07002566,0.201202392578125
64.46,0.06993688,0.1885986328125
64.48,0.056250665,0.1885986328125
64.5,0.054712374,0.239501953125
64.52,0.06590996,0.239501953125
64.54,0.08137032,0.264434814453125
64.56,0.09183474,0.264434814453125
64.58,0.081676446,0.250885009765625
64.6,0.07600174,0.250885009765625
64.62,0.09954803,0.388824462890625
64.64,0.13574973,0.392974853515625
64.66,0.13682568,0.392974853515625
64.68,0.12505406,0.33770751953125
64.7,0.1125761,0.358062744140625
64.72,0.09827787,0.358062744140625
64.74,0.08715806,0.2935791015625
64.76,0.07677852,0.22283935546875
64.78,0.068776496,0.265380859375
64.8,0.06730805,0.265380859375
64.82,0.05569684,0.249908447265625
64.84,0.073084034,0.405364990234375
64.86,0.106387444,0.405364990234375
64.88,0.12273901,0.405364990234375
64.9,0.10451076,0.39276123046875
64.92,0.0856578,0.23101806640625
64.94,0.089397766,0.32073974609375
64.96,0.12959927,0.40924072265625
64.98,0.16474079,0.52105712890625
65.0,0.17067386,0.52105712890625
65.02,0.17662796,0.49713134765625
65.04,0.17621365,0.49713134765625
65.06,0.15805972,0.422271728515625
65.08,0.1282834,0.384735107421875
65.1,0.12976706,0.3140869140625
65.12,0.12734887,0.267669677734375
65.14,0.116307385,0.267669677734375
65.16,0.102525726,0.234130859375
65.18,0.09342993,0.234130859375
65.2,0.08845372,0.257080078125
65.22,0.10002656,0.275604248046875
65.24,0.10583461,0.275604248046875
65.26,0.07787177,0.222503662109375
65.28,0.0775815,0.355010986328125
65.3,0.10753559,0.355010986328125
65.32,0.1522595,0.3817138671875
65.34,0.15736337,0.3817138671875
65.36,0.1399487,0.3817138671875
65.38,0.11195904,0.346954345703125
65.4,0.088948905,0.200592041015625
65.42,0.094914354,0.20556640625
65.44,0.09025039,0.20556640625
65.46,0.06863481,0.18646240234375
65.48,0.052455407,0.148681640625
65.5,0.051916037,0.150054931640625
65.52,0.07463194,0.339141845703125
65.54,0.10828819,0.378082275390625
65.56,0.119082354,0.378082275390625
65.58,0.10506999,0.378082275390625
65.6,0.074217744,0.238494873046875
65.62,0.08415859,0.27471923828125
65.64,0.13739991,0.525421142578125
65.66,0.16721502,0.525421142578125
65.68,0.17618501,0.525421142578125
65.7,0.16086043,0.5145263671875
65.72,0.13218339,0.371795654296875
65.74,0.11672488,0.34161376953125
65.76,0.10350712,0.30023193359375
65.78,0.10018693,0.26385498046875
65.8,0.07210896,0.2562255859375
65.82,0.052666757,0.1546630859375
65.84,0.04683559,0.1546630859375
65.86,0.07797328,0.298095703125
65.88,0.09205568,0.298095703125
65.9,0.079514675,0.235260009765625
65.92,0.07229656,0.191162109375
65.94,0.06693538,0.1683349609375
65.96,0.0779879,0.29327392578125
65.98,0.107674465,0.335113525390625
66.0,0.15547529,0.365081787109375
66.02,0.18311535,0.38787841796875
66.04,0.17193376,0.38787841796875
66.06,0.15136911,0.3583984375
66.08,0.09467805,0.266632080078125
66.1,0.062261894,0.20355224609375
66.12,0.050596263,0.1190185546875
66.14,0.04720338,0.104736328125
66.16,0.0408566,0.101470947265625
66.18,0.029073633,0.105712890625
66.2,0.07431131,0.25067138671875
66.22,0.08401996,0.25067138671875
66.24,0.07327013,0.224090576171875
66.26,0.05544665,0.1337890625
66.28,0.06833781,0.196044921875
66.3,0.094484024,0.406829833984375
66.32,0.14766085,0.425628662109375
66.34,0.17717107,0.43731689453125
66.36,0.17514773,0.43731689453125
66.38,0.15840222,0.418121337890625
66.4,0.13972758,0.36309814453125
66.42,0.12084933,0.36309814453125
66.44,0.093286075,0.303741455078125
66.46,0.07536547,0.196868896484375
66.48,0.0671976,0.196868896484375
66.5,0.062849835,0.196868896484375
66.52,0.07089796,0.185211181640625
66.54,0.089919016,0.23822021484375
66.56,0.090747945,0.23822021484375
66.58,0.0660507,0.177398681640625
66.6,0.06573598,0.18731689453125
66.62,0.07806288,0.214202880859375
66.64,0.09204443,0.31231689453125
66.66,0.11557398,0.381011962890625
66.68,0.14819598,0.381011962890625
66.7,0.16472372,0.37152099609375
66.72,0.14987047,0.37152099609375
66.74,0.13191724,0.361236572265625
66.76,0.123017766,0.250091552734375
66.78,0.1279009,0.263458251953125
66.8,0.12875552,0.263458251953125
66.82,0.1156815,0.2452392578125
66.84,0.11654616,0.3544921875
66.86,0.13498963,0.454132080078125
66.88,0.14086756,0.454132080078125
66.9,0.123421244,0.41546630859375
66.92,0.09526078,0.28076171875
66.94,0.10658248,0.345794677734375
66.96,0.11731475,0.39068603515625
66.98,0.10945161,0.39068603515625
67.0,0.12383843,0.3663330078125
67.02,0.12191955,0.3663330078125
67.04,0.13108717,0.30340576171875
67.06,0.13892546,0.30340576171875
67.08,0.115956716,0.30340576171875
67.1,0.09470435,0.23895263671875
67.12,0.091799274,0.23895263671875
67.14,0.07545121,0.194091796875
67.16,0.07665348,0.194091796875
67.18,0.08774103,0.263916015625
67.2,0.08970743,0.263916015625
67.22,0.08848852,0.248687744140625
67.24,0.09692523,0.273101806640625
67.26,0.09763667,0.273101806640625
67.28,0.102624565,0.488128662109375
67.3,0.12735559,0.488128662109375
67.32,0.17115304,0.6431884765625
67.34,0.18715331,0.6431884765625
67.36,0.17516859,0.594329833984375
67.38,0.1373926,0.46478271484375
67.4,0.12217204,0.40557861328125
67.42,0.11542213,0.40557861328125
67.44,0.10710491,0.304962158203125
67.46,0.09612106,0.304962158203125
67.48,0.07126191,0.226287841796875
67.5,0.060210004,0.22186279296875
67.52,0.09184738,0.352081298828125
67.54,0.1200973,0.407806396484375
67.56,0.106781565,0.407806396484375
67.58,0.08297138,0.253326416015625
67.6,0.08394289,0.253326416015625
67.62,0.10446318,0.347991943359375
67.64,0.14179127,0.4473876953125
67.66,0.17430486,0.465850830078125
67.68,0.17431726,0.487518310546875
67.7,0.16802691,0.487518310546875
67.72,0.15627453,0.444091796875
67.74,0.13909042,0.444091796875
67.76,0.11521662,0.355743408203125
67.78,0.09744241,0.317657470703125
67.8,0.07290857,0.295928955078125
67.82,0.0547156,0.187835693359375
67.84,0.06679145,0.216796875
67.86,0.08594147,0.252471923828125
67.88,0.09668116,0.27447509765625
67.9,0.08654808,0.27447509765625
67.92,0.092215806,0.27313232421875
67.94,0.09530007,0.326385498046875
67.96,0.11111975,0.326385498046875
67.98,0.14003205,0.361358642578125
68.0,0.15671563,0.422698974609375
68.02,0.14297317,0.422821044921875
68.04,0.12562022,0.422821044921875
68.06,0.12662707,0.367034912109375
68.08,0.117968336,0.367034912109375
68.1,0.09392121,0.367034912109375
68.12,0.06999936,0.2626953125
68.14,0.05428576,0.159759521484375
68.16,0.053230558,0.159759521484375
68.18,0.07330512,0.21649169921875
68.2,0.098896086,0.216705322265625
68.22,0.09815718,0.216705322265625
68.24,0.064993,0.176055908203125
68.26,0.061541803,0.150177001953125
68.28,0.08445909,0.30682373046875
68.3,0.11024409,0.354736328125
68.32,0.120335616,0.354736328125
68.34,0.11876115,0.342498779296875
68.36,0.12211041,0.342498779296875
68.38,0.1225554,0.35784912109375
68.4,0.11715478,0.35784912109375
68.42,0.10830862,0.35784912109375
68.44,0.08613238,0.259002685546875
68.46,0.06886734,0.214080810546875
68.48,0.060078714,0.2100830078125
68.5,0.052505445,0.2001953125
68.52,0.06881824,0.2001953125
68.54,0.08349402,0.213470458984375
68.56,0.07582549,0.213470458984375
68.58,0.064071774,0.188934326171875
68.6,0.0697922,0.165252685546875
68.62,0.09854012,0.4898681640625
68.64,0.11809664,0.4898681640625
68.66,0.117540665,0.376708984375
68.68,0.09851713,0.376708984375
68.7,0.09069324,0.376708984375
68.72,0.0723779,0.2464599609375
68.74,0.070002586,0.201751708984375
68.76,0.06455194,0.201751708984375
68.78,0.049127784,0.127716064453125
68.8,0.040499453,0.127716064453125
68.82,0.030879216,0.07958984375
68.84,0.036025994,0.1605224609375
68.86,0.05547502,0.17291259765625
68.88,0.07878126,0.229949951171875
68.9,0.08343799,0.253387451171875
68.92,0.06869411,0.253387451171875
68.94,0.081536904,0.420318603515625
68.96,0.12148769,0.420318603515625
68.98,0.16409034,0.458221435546875
69.0,0.18462716,0.4931640625
69.02,0.17722985,0.4931640625
69.04,0.17344356,0.436614990234375
69.06,0.16397867,0.423126220703125
69.08,0.15265176,0.366912841796875
69.1,0.13962285,0.366912841796875
69.12,0.12023463,0.330413818359375
69.14,0.10663571,0.306182861328125
69.16,0.0856054,0.280120849609375
69.18,0.05139859,0.135650634765625
69.2,0.081690185,0.197174072265625
69.22,0.087086424,0.197174072265625
69.24,0.069124036,0.19537353515625
69.26,0.05432972,0.181121826171875
69.28,0.06351189,0.357574462890625
69.3,0.11680837,0.37725830078125
69.32,0.15560062,0.426116943359375
69.34,0.15802403,0.426116943359375
69.36,0.15618847,0.413238525390625
69.38,0.15616432,0.396881103515625
69.4,0.15163597,0.396881103515625
69.42,0.13757737,0.31280517578125
69.44,0.11226462,0.31280517578125
69.46,0.08670216,0.264312744140625
69.48,0.07585326,0.2218017578125
69.5,0.07907085,0.2696533203125
69.52,0.095949,0.2991943359375
69.54,0.10684314,0.2991943359375
69.56,0.11753088,0.330291748046875
69.58,0.121132195,0.348358154296875
69.6,0.11100796,0.348358154296875
69.62,0.10669401,0.400482177734375
69.64,0.115809254,0.400482177734375
69.66,0.11505935,0.381927490234375
69.68,0.10172262,0.381927490234375
69.7,0.08828389,0.264251708984375
69.72,0.080660984,0.264251708984375
69.74,0.06887893,0.17266845703125
69.76,0.055417538,0.16455078125
69.78,0.045111865,0.119110107421875
69.8,0.041123122,0.14178466796875
69.82,0.04005621,0.183135986328125
69.84,0.03875867,0.183135986328125
69.86,0.052117836,0.183135986328125
69.88,0.07334751,0.256195068359375
69.9,0.09226952,0.309295654296875
69.92,0.09550316,0.309295654296875
69.94,0.099050455,0.431671142578125
69.96,0.13115163,0.431671142578125
69.98,0.1512537,0.493865966796875
70.0,0.15440257,0.493865966796875
70.02,0.15874833,0.473480224609375
70.04,0.15140846,0.405181884765625
70.06,0.13478626,0.38604736328125
70.08,0.11474703,0.38604736328125
70.1,0.08853182,0.3072509765625
70.12,0.06710798,0.2100830078125
70.14,0.066823006,0.193023681640625
70.16,0.05766329,0.193023681640625
70.18,0.0767322,0.273590087890625
70.2,0.106699295,0.324859619140625
70.22,0.10912804,0.324859619140625
70.24,0.09877853,0.324859619140625
70.26,0.08702241,0.240264892578125
70.28,0.08701798,0.265350341796875
70.3,0.11444191,0.39501953125
70.32,0.14358814,0.470001220703125
70.34,0.14315096,0.470001220703125
70.36,0.13968635,0.4478759765625
70.38,0.1410767,0.4478759765625
70.4,0.13755064,0.4088134765625
70.42,0.13102628,0.4088134765625
70.44,0.11888599,0.384796142578125
70.46,0.09172981,0.284820556640625
70.48,0.064348415,0.205841064453125
70.5,0.08914708,0.2933349609375
70.52,0.10545978,0.2933349609375
70.54,0.10671331,0.2933349609375
70.56,0.08792031,0.23443603515625
70.58,0.07679476,0.23443603515625
70.6,0.088966094,0.392181396484375
70.62,0.13180052,0.43878173828125
70.64,0.16822708,0.518768310546875
70.66,0.20215932,0.596527099609375
70.68,0.20166734,0.596527099609375
70.7,0.17052463,0.538482666015625
70.72,0.1386326,0.45880126953125
70.74,0.117687844,0.409912109375
70.76,0.10945784,0.307281494140625
70.78,0.0963002,0.296295166015625
70.8,0.08343753,0.26519775390625
70.82,0.07343775,0.23138427734375
70.84,0.085601255,0.233428955078125
70.86,0.09383704,0.26422119140625
70.88,0.084202945,0.26422119140625
70.9,0.08568065,0.26422119140625
70.92,0.0888932,0.23443603515625
70.94,0.097898684,0.414276123046875
70.96,0.12960303,0.42236328125
70.98,0.16240026,0.42236328125
71.0,0.16959263,0.414825439453125
71.02,0.17758931,0.439300537109375
71.04,0.16127972,0.439300537109375
71.06,0.13321015,0.375762939453125
71.08,0.11679458,0.35675048828125
71.1,0.10486151,0.35675048828125
71.12,0.08243402,0.3094482421875
71.14,0.06459382,0.218109130859375
71.16,0.06486952,0.187255859375
71.18,0.07703245,0.19696044921875
71.2,0.07296916,0.19696044921875
71.22,0.08173301,0.249542236328125
71.24,0.10219291,0.319122314453125
71.26,0.11775551,0.319122314453125
71.28,0.14449789,0.39617919921875
71.3,0.16114894,0.46002197265625
71.32,0.15798318,0.46002197265625
71.34,0.14619575,0.39141845703125
71.36,0.1375692,0.36572265625
71.38,0.1172665,0.309356689453125
71.4,0.098349616,0.26177978515625
71.42,0.08985998,0.26177978515625
71.44,0.07954499,0.22308349609375
71.46,0.0761727,0.2059326171875
71.48,0.07887352,0.253143310546875
71.5,0.08274173,0.253143310546875
71.52,0.09337547,0.355072021484375
71.54,0.08989412,0.355072021484375
71.56,0.07926595,0.355072021484375
71.58,0.06548464,0.211761474609375
71.6,0.077000044,0.3026123046875
71.62,0.117698334,0.364013671875
71.64,0.14178115,0.364013671875
71.66,0.13684869,0.37451171875
71.68,0.12243084,0.37451171875
71.7,0.10802296,0.37451171875
71.72,0.10234591,0.3211669921875
71.74,0.10039018,0.3074951171875
71.76,0.092385784,0.3074951171875
71.78,0.08148775,0.27276611328125
71.8,0.0760456,0.237823486328125
71.82,0.08173185,0.237823486328125
71.84,0.0892445,0.237548828125
71.86,0.10515132,0.294342041015625
71.88,0.1050411,0.341949462890625
71.9,0.0895778,0.341949462890625
71.92,0.06464305,0.194976806640625
71.94,0.056046896,0.15924072265625
71.96,0.094752625,0.311309814453125
71.98,0.10269263,0.311309814453125
72.0,0.08893973,0.240570068359375
72.02,0.094798274,0.271240234375
72.04,0.089313254,0.271240234375
72.06,0.06848649,0.270904541015625
72.08,0.044361673,0.122161865234375
72.1,0.03616514,0.10064697265625
72.12,0.034543667,0.093109130859375
72.14,0.032242578,0.093109130859375
72.16,0.03626919,0.2120361328125
72.18,0.05834845,0.230560302734375
72.2,0.084486306,0.323272705078125
72.22,0.10151799,0.323272705078125
72.24,0.11368717,0.323272705078125
72.26,0.11380316,0.3302001953125
72.28,0.11663919,0.36297607421875
72.3,0.12794991,0.415374755859375
72.32,0.127921,0.459503173828125
72.34,0.10995779,0.459503173828125
72.36,0.09089099,0.2420654296875
72.38,0.0898696,0.246337890625
72.4,0.07123351,0.246337890625
72.42,0.06742903,0.20184326171875
72.44,0.059497915,0.20184326171875
72.46,0.049971726,0.1490478515625
72.48,0.04556616,0.1275634765625
72.5,0.040079273,0.1260986328125
72.52,0.041781854,0.127105712890625
72.54,0.057985876,0.1883544921875
72.56,0.061773356,0.1883544921875
72.58,0.06246567,0.200286865234375
72.6,0.065182686,0.200286865234375
72.62,0.09475445,0.525238037109375
72.64,0.1223487,0.525238037109375
72.66,0.12364198,0.395843505859375
72.68,0.1061393,0.300201416015625
72.7,0.08337577,0.2412109375
72.72,0.07532652,0.212005615234375
72.74,0.06528389,0.16973876953125
72.76,0.063070506,0.17083740234375
72.78,0.053988148,0.17083740234375
72.8,0.052132145,0.175811767578125
72.82,0.07575125,0.271209716796875
72.84,0.092699625,0.288482666015625
72.86,0.09137859,0.288482666015625
72.88,0.08492413,0.2745361328125
72.9,0.08372359,0.2745361328125
72.92,0.069032975,0.2745361328125
72.94,0.0703009,0.394561767578125
72.96,0.10145344,0.394561767578125
72.98,0.119571105,0.394561767578125
73.0,0.12011354,0.327667236328125
73.02,0.09506219,0.246673583984375
73.04,0.08427485,0.246673583984375
73.06,0.066014774,0.246673583984375
73.08,0.061780356,0.17059326171875
73.1,0.06450679,0.178375244140625
73.12,0.07326616,0.21368408203125
73.14,0.06648912,0.21368408203125
73.16,0.06627304,0.21990966796875
73.18,0.078644514,0.21990966796875
73.2,0.082197435,0.222381591796875
73.22,0.08544406,0.245635986328125
73.24,0.08547212,0.245635986328125
73.26,0.082148,0.221832275390625
73.28,0.099968046,0.363311767578125
73.3,0.12516388,0.415924072265625
73.32,0.12869518,0.415924072265625
73.34,0.11599964,0.3553466796875
73.36,0.09760762,0.28131103515625
73.38,0.08177308,0.258026123046875
73.4,0.0682166,0.25665283203125
73.42,0.05780063,0.204437255859375
73.44,0.055776756,0.204437255859375
73.46,0.05327302,0.1529541015625
73.48,0.050195146,0.1529541015625
73.5,0.045895875,0.18487548828125
73.52,0.050556425,0.18487548828125
73.54,0.062422838,0.18035888671875
73.56,0.070262134,0.215789794921875
73.58,0.067771986,0.215789794921875
73.6,0.06897884,0.35723876953125
73.62,0.102592364,0.404327392578125
73.64,0.12521629,0.42669677734375
73.66,0.12119798,0.42669677734375
73.68,0.11209545,0.42669677734375
73.7,0.09118255,0.31402587890625
73.72,0.08161412,0.31402587890625
73.74,0.079344735,0.265472412109375
73.76,0.07978066,0.265472412109375
73.78,0.06144791,0.236663818359375
73.8,0.057006273,0.1885986328125
73.82,0.059506617,0.2169189453125
73.84,0.090548865,0.333282470703125
73.86,0.107344225,0.333282470703125
73.88,0.09303261,0.31707763671875
73.9,0.06806184,0.250274658203125
73.92,0.058463227,0.183380126953125
73.94,0.07273709,0.325469970703125
73.96,0.09910544,0.3416748046875
73.98,0.10911484,0.3416748046875
74.0,0.098183356,0.31488037109375
74.02,0.089096814,0.31488037109375
74.04,0.070072144,0.199493408203125
74.06,0.06637865,0.19049072265625
74.08,0.06006892,0.1767578125
74.1,0.055654008,0.1767578125
74.12,0.039925933,0.120391845703125
74.14,0.033218738,0.08697509765625
74.16,0.041215934,0.181640625
74.18,0.05948311,0.181640625
74.2,0.07046754,0.180084228515625
74.22,0.055339262,0.16033935546875
74.24,0.030484013,0.087677001953125
74.26,0.058565557,0.38482666015625
74.28,0.09072768,0.38482666015625
74.3,0.124104686,0.394256591796875
74.32,0.12855232,0.394256591796875
74.34,0.10139573,0.313232421875
74.36,0.085981116,0.248870849609375
74.38,0.07628027,0.235809326171875
74.4,0.0863354,0.224700927734375
74.42,0.088370755,0.224700927734375
74.44,0.08780698,0.224700927734375
74.46,0.07245887,0.202667236328125
74.48,0.05197622,0.170562744140625
74.5,0.06770034,0.216552734375
74.52,0.08307725,0.216552734375
74.54,0.08261898,0.216552734375
74.56,0.06396862,0.1807861328125
74.58,0.062325973,0.210662841796875
74.6,0.081068136,0.37689208984375
74.62,0.12514922,0.3887939453125
74.64,0.1717339,0.502838134765625
74.66,0.18975733,0.502838134765625
74.68,0.1890635,0.502838134765625
74.7,0.1585939,0.37310791015625
74.72,0.12107611,0.29327392578125
74.74,0.07777712,0.226531982421875
74.76,0.05246588,0.177642822265625
74.78,0.041988373,0.120635986328125
74.8,0.08285541,0.377960205078125
74.82,0.10998678,0.377960205078125
74.84,0.11998565,0.377960205078125
74.86,0.10648376,0.4190673828125
74.88,0.09719636,0.4190673828125
74.9,0.09078417,0.26654052734375
74.92,0.08682107,0.2437744140625
74.94,0.09436699,0.435089111328125
74.96,0.12788133,0.435089111328125
74.98,0.18048768,0.4974365234375
75.0,0.1860604,0.4974365234375
75.02,0.1512504,0.353668212890625
75.04,0.113683596,0.302886962890625
75.06,0.087622136,0.302886962890625
75.08,0.07634073,0.195343017578125
75.1,0.08047172,0.195343017578125
75.12,0.07682486,0.18536376953125
75.14,0.079897314,0.231658935546875
75.16,0.08897848,0.269195556640625
75.18,0.11606424,0.3934326171875
75.2,0.1400023,0.394317626953125
75.22,0.13310164,0.394317626953125
75.24,0.13343681,0.48333740234375
75.26,0.15497302,0.48333740234375
75.28,0.16853444,0.48333740234375
75.3,0.15961261,0.497222900390625
75.32,0.14189857,0.497222900390625
75.34,0.14469498,0.43756103515625
75.36,0.14005132,0.404449462890625
75.38,0.13275124,0.404449462890625
75.4,0.12703688,0.3985595703125
75.42,0.10494571,0.36224365234375
75.44,0.096220836,0.268157958984375
75.46,0.08256727,0.243072509765625
75.48,0.09468888,0.279296875
75.5,0.10180141,0.279296875
75.52,0.07634094,0.2562255859375
75.54,0.056802418,0.22052001953125
75.56,0.06510203,0.239501953125
75.58,0.08139917,0.260284423828125
75.6,0.09646499,0.26654052734375
75.62,0.11670727,0.355682373046875
75.64,0.13588165,0.395355224609375
75.66,0.14529063,0.395355224609375
75.68,0.13133782,0.395355224609375
75.7,0.09434463,0.32867431640625
75.72,0.080955036,0.2763671875
75.74,0.08004518,0.233367919921875
75.76,0.082190596,0.233367919921875
75.78,0.07208043,0.170623779296875
75.8,0.06391629,0.1617431640625
75.82,0.062423453,0.2015380859375
75.84,0.07137179,0.2015380859375
75.86,0.07652372,0.2015380859375
75.88,0.06978184,0.19012451171875
75.9,0.06817357,0.18316650390625
75.92,0.09968769,0.354278564453125
75.94,0.12928267,0.49066162109375
75.96,0.14023559,0.49066162109375
75.98,0.1431391,0.49066162109375
76.0,0.13649027,0.350372314453125
76.02,0.12506689,0.373260498046875
76.04,0.12218269,0.373260498046875
76.06,0.107733294,0.373260498046875
76.08,0.09531665,0.31134033203125
76.1,0.09031093,0.31134033203125
76.12,0.086230025,0.31134033203125
76.14,0.07755451,0.228179931640625
76.16,0.06611141,0.218414306640625
76.18,0.06045064,0.218414306640625
76.2,0.057829216,0.153045654296875
76.22,0.047302295,0.124114990234375
76.24,0.043001924,0.124114990234375
76.26,0.06513809,0.3575439453125
76.28,0.09594979,0.3575439453125
76.3,0.11943829,0.356414794921875
76.32,0.12842757,0.356414794921875
76.34,0.13543609,0.36773681640625
76.36,0.1235873,0.36773681640625
76.38,0.11348865,0.365020751953125
76.4,0.105920054,0.29248046875
76.42,0.0976954,0.292938232421875
76.44,0.08901295,0.292938232421875
76.46,0.07541282,0.246124267578125
76.48,0.066560715,0.208221435546875
76.5,0.05864162,0.17236328125
76.52,0.067269884,0.17236328125
76.54,0.067305945,0.158050537109375
76.56,0.06035642,0.1641845703125
76.58,0.069132976,0.177276611328125
76.6,0.09188191,0.322296142578125
76.62,0.11408298,0.347076416015625
76.64,0.11218763,0.347076416015625
76.66,0.10219803,0.287017822265625
76.68,0.09271776,0.287017822265625
76.7,0.07967226,0.206298828125
76.72,0.0685516,0.206298828125
76.74,0.05697228,0.152313232421875
76.76,0.05373018,0.135772705078125
76.78,0.04270231,0.135772705078125
76.8,0.020769157,0.070556640625
76.82,0.025997082,0.176483154296875
76.84,0.04787835,0.176483154296875
76.86,0.062276576,0.1534423828125
76.88,0.070833616,0.20220947265625
76.9,0.07646313,0.301025390625
76.92,0.073631786,0.301025390625
76.94,0.08482433,0.33184814453125
76.96,0.12472345,0.405303955078125
76.98,0.14412253,0.436676025390625
77.0,0.12732796,0.436676025390625
77.02,0.099003546,0.38427734375
77.04,0.0900392,0.309356689453125
77.06,0.0945286,0.309356689453125
77.08,0.08301509,0.309356689453125
77.1,0.060809564,0.30377197265625
77.12,0.037708957,0.10479736328125
77.14,0.04993267,0.20648193359375
77.16,0.0858782,0.29315185546875
77.18,0.09924298,0.29315185546875
77.2,0.10015738,0.331024169921875
77.22,0.09574527,0.331024169921875
77.24,0.08548835,0.2587890625
77.26,0.091410175,0.4344482421875
77.28,0.120930195,0.4344482421875
77.3,0.1334497,0.4344482421875
77.32,0.10349076,0.31005859375
77.34,0.09694735,0.31005859375
77.36,0.08590803,0.22607421875
77.38,0.0642027,0.189208984375
77.4,0.049238104,0.127593994140625
77.42,0.04752402,0.151092529296875
77.44,0.045878183,0.151092529296875
77.46,0.04788667,0.173370361328125
77.48,0.054631267,0.179229736328125
77.5,0.07802349,0.282318115234375
77.52,0.103496455,0.355987548828125
77.54,0.106681705,0.355987548828125
77.56,0.08983487,0.3070068359375
77.58,0.082281664,0.3070068359375
77.6,0.083790205,0.333282470703125
77.62,0.10590539,0.333282470703125
77.64,0.11644493,0.33111572265625
77.66,0.101989865,0.33111572265625
77.68,0.085432515,0.29327392578125
77.7,0.08235467,0.269561767578125
77.72,0.072298065,0.2303466796875
77.74,0.069545515,0.179229736328125
77.76,0.061046697,0.179229736328125
77.78,0.047374357,0.15777587890625
77.8,0.044814005,0.15338134765625
77.82,0.060959574,0.202117919921875
77.84,0.07008822,0.202117919921875
77.86,0.091636084,0.304046630859375
77.88,0.09099959,0.304046630859375
77.9,0.06160203,0.180084228515625
77.92,0.07688977,0.27996826171875
77.94,0.122518584,0.520263671875
77.96,0.17266819,0.560211181640625
77.98,0.19055478,0.560211181640625
78.0,0.16622594,0.532806396484375
78.02,0.14178091,0.475341796875
78.04,0.12244079,0.45086669921875
78.06,0.09961538,0.301513671875
78.08,0.093836665,0.301513671875
78.1,0.07994698,0.25396728515625
78.12,0.067522965,0.231414794921875
78.14,0.05570128,0.177764892578125
78.16,0.05770477,0.177764892578125
78.18,0.06455195,0.177764892578125
78.2,0.06777299,0.173065185546875
78.22,0.06640731,0.171905517578125
78.24,0.055595003,0.14483642578125
78.26,0.05589031,0.164306640625
78.28,0.07209891,0.366302490234375
78.3,0.097906366,0.394195556640625
78.32,0.12004488,0.394195556640625
78.34,0.13784197,0.360931396484375
78.36,0.13698982,0.3345947265625
78.38,0.11991671,0.3345947265625
78.4,0.096195504,0.308258056640625
78.42,0.076913275,0.22900390625
78.44,0.078722365,0.246063232421875
78.46,0.089061886,0.254638671875
78.48,0.09308404,0.254638671875
78.5,0.0920654,0.29705810546875
78.52,0.098120555,0.29705810546875
78.54,0.099064045,0.293853759765625
78.56,0.09183918,0.293853759765625
78.58,0.095438614,0.276824951171875
78.6,0.09745805,0.37030029296875
78.62,0.11856956,0.381591796875
78.64,0.14566709,0.446685791015625
78.66,0.13940482,0.446685791015625
78.68,0.10652823,0.43658447265625
78.7,0.08849079,0.237579345703125
78.72,0.0758427,0.237579345703125
78.74,0.06627423,0.17620849609375
78.76,0.06265931,0.181671142578125
78.78,0.062921144,0.181671142578125
78.8,0.061146997,0.181671142578125
78.82,0.061286777,0.17950439453125
78.84,0.054362312,0.158355712890625
78.86,0.06793327,0.18133544921875
78.88,0.0762607,0.18133544921875
78.9,0.064729705,0.179595947265625
78.92,0.06765675,0.20635986328125
78.94,0.08790407,0.46258544921875
78.96,0.13089448,0.46258544921875
78.98,0.15496357,0.46258544921875
79.0,0.14084293,0.4052734375
79.02,0.121391706,0.33587646484375
79.04,0.1183267,0.369659423828125
79.06,0.11735562,0.369659423828125
79.08,0.116609134,0.345977783203125
79.1,0.10738474,0.345977783203125
79.12,0.09608726,0.309356689453125
79.14,0.081583634,0.284515380859375
79.16,0.07518863,0.284515380859375
79.18,0.07736313,0.2835693359375
79.2,0.09930335,0.2835693359375
79.22,0.09799819,0.2835693359375
79.24,0.07100986,0.18145751953125
79.26,0.065286845,0.1802978515625
79.28,0.086189404,0.323150634765625
79.3,0.12577917,0.336639404296875
79.32,0.13073035,0.341278076171875
79.34,0.11379225,0.341278076171875
79.36,0.10506055,0.296173095703125
79.38,0.09817469,0.29437255859375
79.4,0.079216175,0.240142822265625
79.42,0.060001556,0.1903076171875
79.44,0.050287783,0.1903076171875
79.46,0.04072651,0.10137939453125
79.48,0.037365876,0.099273681640625
79.5,0.05329549,0.1884765625
79.52,0.09207314,0.238525390625
79.54,0.09612353,0.238525390625
79.56,0.0652539,0.2054443359375
79.58,0.059870597,0.21136474609375
79.6,0.0770627,0.33221435546875
79.62,0.10595178,0.377105712890625
79.64,0.13851449,0.419189453125
79.66,0.15398431,0.419189453125
79.68,0.16467778,0.391998291015625
79.7,0.17252196,0.43707275390625
79.72,0.17622986,0.442718505859375
79.74,0.17958578,0.48004150390625
79.76,0.16952476,0.48004150390625
79.78,0.16784777,0.4298095703125
79.8,0.17270927,0.334442138671875
79.82,0.17107917,0.327392578125
79.84,0.16524574,0.314788818359375
79.86,0.15606612,0.377471923828125
79.88,0.12631403,0.377471923828125
79.9,0.07078971,0.255584716796875
79.92,0.049344838,0.154449462890625
79.94,0.075024486,0.330352783203125
79.96,0.12053959,0.426116943359375
79.98,0.1278485,0.426116943359375
80.0,0.11262696,0.35302734375
80.02,0.100646086,0.3114013671875
80.04,0.08546346,0.235870361328125
80.06,0.08066528,0.263519287109375
80.08,0.06583317,0.263519287109375
80.1,0.04314814,0.17974853515625
80.12,0.036584754,0.1051025390625
80.14,0.03856774,0.1051025390625
80.16,0.04289018,0.19061279296875
80.18,0.07299801,0.27191162109375
80.2,0.10710341,0.34027099609375
80.22,0.11030604,0.34027099609375
80.24,0.08253715,0.250579833984375
80.26,0.07798618,0.326263427734375
80.28,0.098793924,0.326263427734375
80.3,0.10910071,0.326263427734375
80.32,0.10369898,0.30908203125
80.34,0.09354515,0.282806396484375
80.36,0.07697582,0.219207763671875
80.38,0.06872884,0.219207763671875
80.4,0.057852603,0.159576416015625
80.42,0.057506103,0.159576416015625
80.44,0.052077007,0.15081787109375
80.46,0.0433099,0.15081787109375
80.48,0.04382018,0.155670166015625
80.5,0.05176298,0.162353515625
80.52,0.06362598,0.1728515625
80.54,0.06137975,0.1728515625
80.56,0.0552677,0.1728515625
80.58,0.04455236,0.14642333984375
80.6,0.06228982,0.294342041015625
80.62,0.12559238,0.594573974609375
80.64,0.1576024,0.594573974609375
80.66,0.16139223,0.594573974609375
80.68,0.13405381,0.45330810546875
80.7,0.10441306,0.36859130859375
80.72,0.09621753,0.33673095703125
80.74,0.09308718,0.33673095703125
80.76,0.0801809,0.291961669921875
80.78,0.068859026,0.2349853515625
80.8,0.065135375,0.2349853515625
80.82,0.06421559,0.176055908203125
80.84,0.08262629,0.27545166015625
80.86,0.088886805,0.27545166015625
80.88,0.07499498,0.27545166015625
80.9,0.059073683,0.174407958984375
80.92,0.056763634,0.146331787109375
80.94,0.079199165,0.3358154296875
80.96,0.11214976,0.3358154296875
80.98,0.145469,0.364044189453125
81.0,0.14821912,0.364044189453125
81.02,0.12541704,0.35498046875
81.04,0.10925471,0.360260009765625
81.06,0.094892405,0.360260009765625
81.08,0.077410094,0.2322998046875
81.1,0.060542732,0.2178955078125
81.12,0.052996304,0.15826416015625
81.14,0.04607704,0.121063232421875
81.16,0.045746394,0.1219482421875
81.18,0.07777962,0.307464599609375
81.2,0.09993848,0.307464599609375
81.22,0.10086437,0.307464599609375
81.24,0.06652186,0.219085693359375
81.26,0.049835548,0.15570068359375
81.28,0.07831199,0.383331298828125
81.3,0.1217427,0.410675048828125
81.32,0.13333623,0.410675048828125
81.34,0.102702655,0.338165283203125
81.36,0.08393232,0.338165283203125
81.38,0.0668219,0.203216552734375
81.4,0.06024188,0.155609130859375
81.42,0.05199309,0.155609130859375
81.44,0.04412445,0.144866943359375
81.46,0.038178373,0.1044921875
81.48,0.03363191,0.1033935546875
81.5,0.0359635,0.146392822265625
81.52,0.06578388,0.332763671875
81.54,0.090367444,0.332763671875
81.56,0.10043894,0.332763671875
81.58,0.08354037,0.30328369140625
81.6,0.05762211,0.17303466796875
81.62,0.08812608,0.376007080078125
81.64,0.12333488,0.390960693359375
81.66,0.13195787,0.390960693359375
81.68,0.11664761,0.32379150390625
81.7,0.102451436,0.307342529296875
81.72,0.0864598,0.3060302734375
81.74,0.078118816,0.3060302734375
81.76,0.07479209,0.288299560546875
81.78,0.06288231,0.212799072265625
81.8,0.052837875,0.185943603515625
81.82,0.050005548,0.1478271484375
81.84,0.053848792,0.15301513671875
81.86,0.05934501,0.15301513671875
81.88,0.058013313,0.128082275390625
81.9,0.05098179,0.128082275390625
81.92,0.040208098,0.1077880859375
81.94,0.06297125,0.27410888671875
81.96,0.11088212,0.50592041015625
81.98,0.12454755,0.50592041015625
82.0,0.11255609,0.30926513671875
82.02,0.09708463,0.2802734375
82.04,0.07911895,0.2802734375
82.06,0.06831865,0.198699951171875
82.08,0.06449298,0.188079833984375
82.1,0.06121341,0.1640625
82.12,0.049443156,0.146392822265625
82.14,0.040492702,0.125274658203125
82.16,0.039139494,0.14666748046875
82.18,0.06919182,0.198211669921875
82.2,0.07944193,0.198211669921875
82.22,0.07037507,0.198211669921875
82.24,0.049057566,0.124176025390625
82.26,0.05792152,0.28131103515625
82.28,0.09061987,0.314117431640625
82.3,0.099312134,0.314117431640625
82.32,0.098675154,0.2894287109375
82.34,0.11321915,0.38739013671875
82.36,0.11960517,0.38739013671875
82.38,0.11811681,0.38739013671875
82.4,0.097481996,0.30487060546875
82.42,0.0833106,0.28509521484375
82.44,0.06333373,0.189910888671875
82.46,0.04905255,0.180816650390625
82.48,0.04034726,0.146148681640625
82.5,0.043971267,0.134307861328125
82.52,0.069602326,0.213592529296875
82.54,0.07304248,0.213592529296875
82.56,0.052147698,0.1739501953125
82.58,0.041973565,0.1739501953125
82.6,0.047538906,0.24505615234375
82.62,0.08912236,0.38055419921875
82.64,0.11871071,0.38055419921875
82.66,0.11913276,0.38055419921875
82.68,0.10668558,0.352264404296875
82.7,0.11175782,0.302490234375
82.72,0.09902191,0.298431396484375
82.74,0.07749513,0.25921630859375
82.76,0.063444726,0.25921630859375
82.78,0.061685264,0.20037841796875
82.8,0.05383836,0.20037841796875
82.82,0.059308738,0.203125
82.84,0.07550025,0.249298095703125
82.86,0.11084279,0.27801513671875
82.88,0.12105058,0.280975341796875
82.9,0.10713161,0.280975341796875
82.92,0.09005961,0.302978515625
82.94,0.08188919,0.4422607421875
82.96,0.08664385,0.4422607421875
82.98,0.104354754,0.4422607421875
83.0,0.10049727,0.2906494140625
83.02,0.09028423,0.2906494140625
83.04,0.08195526,0.2396240234375
83.06,0.06655386,0.1959228515625
83.08,0.06552116,0.189422607421875
83.1,0.06430413,0.189422607421875
83.12,0.052193917,0.143829345703125
83.14,0.053970285,0.1436767578125
83.16,0.050905574,0.1683349609375
83.18,0.05989317,0.1683349609375
83.2,0.07557284,0.293792724609375
83.22,0.08578062,0.293792724609375
83.24,0.0807191,0.293792724609375
83.26,0.063791305,0.207366943359375
83.28,0.10597674,0.40765380859375
83.3,0.15147042,0.496978759765625
83.32,0.1783074,0.496978759765625
83.34,0.1782494,0.5045166015625
83.36,0.15783408,0.5045166015625
83.38,0.13636257,0.470001220703125
83.4,0.12224816,0.37701416015625
83.42,0.12125776,0.37701416015625
83.44,0.09885902,0.33477783203125
83.46,0.07619348,0.302825927734375
83.48,0.05237142,0.21356201171875
83.5,0.05441607,0.20635986328125
83.52,0.07486925,0.20635986328125
83.54,0.07782803,0.20281982421875
83.56,0.06283065,0.20281982421875
83.58,0.05303869,0.13140869140625
83.6,0.061356563,0.13140869140625
83.62,0.07790907,0.39990234375
83.64,0.12615342,0.44049072265625
83.66,0.1573789,0.44049072265625
83.68,0.17146662,0.44049072265625
83.7,0.16636041,0.461334228515625
83.72,0.14860211,0.461334228515625
83.74,0.12814088,0.36767578125
83.76,0.10322457,0.3017578125
83.78,0.08284527,0.25164794921875
83.8,0.05410491,0.168975830078125
83.82,0.040453523,0.13360595703125
83.84,0.050891694,0.21209716796875
83.86,0.06276341,0.21209716796875
83.88,0.07052604,0.224395751953125
83.9,0.08049987,0.224395751953125
83.92,0.07441777,0.21978759765625
83.94,0.071323164,0.185150146484375
83.96,0.118330054,0.58477783203125
83.98,0.16117641,0.58477783203125
84.0,0.1682791,0.440521240234375
84.02,0.15441798,0.440521240234375
84.04,0.13974205,0.440521240234375
84.06,0.11315054,0.370086669921875
84.08,0.09581661,0.32733154296875
84.1,0.09008196,0.26385498046875
84.12,0.07469367,0.213592529296875
84.14,0.058828812,0.213592529296875
84.16,0.046358258,0.14306640625
84.18,0.03911975,0.133453369140625
84.2,0.04249203,0.133880615234375
84.22,0.056324013,0.1466064453125
84.24,0.06273276,0.148284912109375
84.26,0.06399357,0.148284912109375
84.28,0.07111035,0.19287109375
84.3,0.1011019,0.506866455078125
84.32,0.12653458,0.506866455078125
84.34,0.13890745,0.506866455078125
84.36,0.1386616,0.414764404296875
84.38,0.12434243,0.354156494140625
84.4,0.11504356,0.4068603515625
84.42,0.099993445,0.4068603515625
84.44,0.0782388,0.4068603515625
84.46,0.05487264,0.2276611328125
84.48,0.049166225,0.161773681640625
84.5,0.041478205,0.118896484375
84.52,0.040293895,0.12945556640625
84.54,0.06598523,0.21826171875
84.56,0.07082906,0.21826171875
84.58,0.06600917,0.21826171875
84.6,0.060427524,0.14215087890625
84.62,0.07849285,0.523895263671875
84.64,0.13516587,0.523895263671875
84.66,0.14961565,0.523895263671875
84.68,0.1368765,0.490478515625
84.7,0.10922456,0.35321044921875
84.72,0.0899829,0.35321044921875
84.74,0.06759841,0.21746826171875
84.76,0.06805212,0.256317138671875
84.78,0.06354749,0.256317138671875
84.8,0.050106935,0.15057373046875
84.82,0.039811432,0.118316650390625
84.84,0.036571,0.09185791015625
84.86,0.040924616,0.15234375
84.88,0.067194596,0.21868896484375
84.9,0.07405006,0.21868896484375
84.92,0.06099639,0.211273193359375
84.94,0.04679064,0.1256103515625
84.96,0.067003764,0.27728271484375
84.98,0.10997308,0.323089599609375
85.0,0.13607827,0.3870849609375
85.02,0.14719471,0.38885498046875
85.04,0.15430857,0.38885498046875
85.06,0.1530786,0.381927490234375
85.08,0.14382868,0.381927490234375
85.1,0.13054858,0.35400390625
85.12,0.117109455,0.31414794921875
85.14,0.10365674,0.30352783203125
85.16,0.09648753,0.30352783203125
85.18,0.08146909,0.25128173828125
85.2,0.05597972,0.174468994140625
85.22,0.05890477,0.14544677734375
85.24,0.05738428,0.14544677734375
85.26,0.042533312,0.12078857421875
85.28,0.031077074,0.093597412109375
85.3,0.0776478,0.37286376953125
85.32,0.13758007,0.508819580078125
85.34,0.1565096,0.508819580078125
85.36,0.14168765,0.44635009765625
85.38,0.11814575,0.376220703125
85.4,0.13247138,0.3944091796875
85.42,0.1390451,0.3944091796875
85.44,0.11604917,0.367706298828125
85.46,0.08247366,0.255828857421875
85.48,0.064193554,0.215667724609375
85.5,0.062690385,0.204803466796875
85.52,0.067836955,0.23992919921875
85.54,0.099306114,0.333221435546875
85.56,0.1275418,0.427001953125
85.58,0.12743594,0.427001953125
85.6,0.113680586,0.3516845703125
85.62,0.10255606,0.3836669921875
85.64,0.11474304,0.390350341796875
85.66,0.1350286,0.390350341796875
85.68,0.12646727,0.390350341796875
85.7,0.098732874,0.276947021484375
85.72,0.0759651,0.20806884765625
85.74,0.068961434,0.20806884765625
85.76,0.06373745,0.18902587890625
85.78,0.056937467,0.18902587890625
85.8,0.047122363,0.15576171875
85.82,0.04088393,0.1317138671875
85.84,0.040357098,0.133087158203125
85.86,0.043238994,0.133087158203125
85.88,0.05138401,0.19146728515625
85.9,0.07210145,0.24456787109375
85.92,0.077886306,0.24456787109375
85.94,0.067933194,0.2119140625
85.96,0.081399955,0.418609619140625
85.98,0.15221086,0.678192138671875
86.0,0.18483302,0.678192138671875
86.02,0.1891454,0.556365966796875
86.04,0.18564242,0.556365966796875
86.06,0.159763,0.553680419921875
86.08,0.14026076,0.43804931640625
86.1,0.1288814,0.37091064453125
86.12,0.12408695,0.365203857421875
86.14,0.10831639,0.365203857421875
86.16,0.089568175,0.311553955078125
86.18,0.070972815,0.2325439453125
86.2,0.06798137,0.216064453125
86.22,0.07526627,0.216064453125
86.24,0.07001992,0.216064453125
86.26,0.053244304,0.185760498046875
86.28,0.054780092,0.36517333984375
86.3,0.07969855,0.36517333984375
86.32,0.13279504,0.414947509765625
86.34,0.1475532,0.414947509765625
86.36,0.13636476,0.3829345703125
86.38,0.13544187,0.391845703125
86.4,0.13631234,0.391845703125
86.42,0.13524632,0.38421630859375
86.44,0.13400567,0.38421630859375
86.46,0.12939854,0.400421142578125
86.48,0.09783205,0.400421142578125
86.5,0.05907309,0.19866943359375
86.52,0.063264735,0.198089599609375
86.54,0.089124896,0.268524169921875
86.56,0.091336034,0.268524169921875
86.58,0.091141954,0.287567138671875
86.6,0.09833679,0.287567138671875
86.62,0.09707995,0.41876220703125
86.64,0.118133835,0.41876220703125
86.66,0.17143984,0.616912841796875
86.68,0.2033775,0.616912841796875
86.7,0.1935189,0.6046142578125
86.72,0.15499839,0.49029541015625
86.74,0.113421746,0.319183349609375
86.76,0.1185611,0.329833984375
86.78,0.11597818,0.329833984375
86.8,0.09636951,0.321685791015625
86.82,0.0854414,0.259307861328125
86.84,0.06445543,0.188934326171875
86.86,0.06542805,0.220855712890625
86.88,0.07368613,0.23748779296875
86.9,0.06614751,0.23748779296875
86.92,0.054768447,0.14996337890625
86.94,0.05248089,0.14996337890625
86.96,0.0719645,0.373260498046875
86.98,0.13059102,0.442047119140625
87.0,0.15872224,0.442047119140625
87.02,0.18572319,0.57708740234375
87.04,0.18855616,0.57708740234375
87.06,0.1749475,0.57708740234375
87.08,0.14486232,0.4307861328125
87.1,0.11107073,0.37164306640625
87.12,0.090103306,0.33251953125
87.14,0.07126981,0.248016357421875
87.16,0.057548326,0.1632080078125
87.18,0.05482546,0.162017822265625
87.2,0.06107037,0.192474365234375
87.22,0.07227752,0.244659423828125
87.24,0.08546461,0.254608154296875
87.26,0.10334499,0.257904052734375
87.28,0.121908255,0.34771728515625
87.3,0.15682337,0.555999755859375
87.32,0.1673884,0.555999755859375
87.34,0.17002012,0.4473876953125
87.36,0.15235561,0.4423828125
87.38,0.13422272,0.42156982421875
87.4,0.11519319,0.42156982421875
87.42,0.09476593,0.25140380859375
87.44,0.094481885,0.2265625
87.46,0.09709436,0.250579833984375
87.48,0.10083686,0.250579833984375
87.5,0.08964846,0.260406494140625
87.52,0.09731674,0.260406494140625
87.54,0.097064555,0.260406494140625
87.56,0.07821533,0.2252197265625
87.58,0.06418626,0.224212646484375
87.6,0.06987524,0.182159423828125
87.62,0.09265477,0.2225341796875
87.64,0.11371407,0.45745849609375
87.66,0.13355143,0.45745849609375
87.68,0.1395963,0.449859619140625
87.7,0.13967133,0.449859619140625
87.72,0.12674825,0.449859619140625
87.74,0.11217671,0.41796875
87.76,0.10124916,0.269500732421875
87.78,0.102768175,0.282135009765625
87.8,0.094650455,0.282135009765625
87.82,0.08966118,0.282135009765625
87.84,0.08283138,0.2821044921875
87.86,0.08008202,0.21575927734375
87.88,0.100445844,0.261993408203125
87.9,0.09918244,0.261993408203125
87.92,0.080303445,0.225341796875
87.94,0.052637137,0.1409912109375
87.96,0.058973733,0.270904541015625
87.98,0.09126322,0.4119873046875
88.0,0.13252231,0.4119873046875
88.02,0.15259556,0.4119873046875
88.04,0.14460629,0.366943359375
88.06,0.13094063,0.366943359375
88.08,0.10396924,0.266021728515625
88.1,0.07784001,0.25830078125
88.12,0.053947393,0.16949462890625
88.14,0.040673185,0.13226318359375
88.16,0.03171172,0.089569091796875
88.18,0.031085638,0.115020751953125
88.2,0.049137175,0.20050048828125
88.22,0.0804607,0.23834228515625
88.24,0.097695835,0.280487060546875
88.26,0.10284437,0.323089599609375
88.28,0.10760707,0.323089599609375
88.3,0.10234335,0.330322265625
88.32,0.11020119,0.330322265625
88.34,0.15783408,0.477630615234375
88.36,0.17881267,0.477630615234375
88.38,0.14088511,0.38958740234375
88.4,0.09536771,0.336273193359375
88.42,0.07475568,0.214935302734375
88.44,0.08991844,0.214935302734375
88.46,0.1239797,0.262786865234375
88.48,0.13274628,0.262786865234375
88.5,0.10714633,0.24365234375
88.52,0.08189758,0.215179443359375
88.54,0.07123482,0.180145263671875
88.56,0.06917184,0.15673828125
88.58,0.077561095,0.18939208984375
88.6,0.07576451,0.18939208984375
88.62,0.08355184,0.213897705078125
88.64,0.099463195,0.39117431640625
88.66,0.14802152,0.712158203125
88.68,0.19557263,0.712158203125
88.7,0.19898093,0.712158203125
88.72,0.17370301,0.54974365234375
88.74,0.12232316,0.384857177734375
88.76,0.093922906,0.357025146484375
88.78,0.08065744,0.254425048828125
88.8,0.09933408,0.273834228515625
88.82,0.10958599,0.273834228515625
88.84,0.09325988,0.26605224609375
88.86,0.087678164,0.290496826171875
88.88,0.10207396,0.290496826171875
88.9,0.121816434,0.26287841796875
88.92,0.103282236,0.26287841796875
88.94,0.076315686,0.214202880859375
88.96,0.07624037,0.188507080078125
88.98,0.08935405,0.380218505859375
89.0,0.11142115,0.380218505859375
89.02,0.12376797,0.342071533203125
89.04,0.1475287,0.342071533203125
89.06,0.14583766,0.30633544921875
89.08,0.12144324,0.30633544921875
89.1,0.0871143,0.30633544921875
89.12,0.06487992,0.19317626953125
89.14,0.057819698,0.16839599609375
89.16,0.050951485,0.143157958984375
89.18,0.054493252,0.172332763671875
89.2,0.06367206,0.21771240234375
89.22,0.07840651,0.263824462890625
89.24,0.09738121,0.342529296875
89.26,0.09556434,0.342529296875
89.28,0.092200786,0.278045654296875
89.3,0.08764957,0.244964599609375
89.32,0.109659806,0.408599853515625
89.34,0.12030921,0.408599853515625
89.36,0.114717185,0.4051513671875
89.38,0.11221157,0.3026123046875
89.4,0.099554606,0.299407958984375
89.42,0.07620535,0.235321044921875
89.44,0.05849509,0.16522216796875
89.46,0.04664085,0.13580322265625
89.48,0.053536396,0.13580322265625
89.5,0.052592903,0.138214111328125
89.52,0.04909302,0.138214111328125
89.54,0.043302834,0.1712646484375
89.56,0.05742304,0.1712646484375
89.58,0.063080914,0.1484375
89.6,0.06072097,0.143768310546875
89.62,0.069028266,0.143768310546875
89.64,0.07087278,0.143310546875
89.66,0.08860974,0.3514404296875
89.68,0.10774258,0.3514404296875
89.7,0.11313858,0.30126953125
89.72,0.10974451,0.30126953125
89.74,0.10300717,0.294464111328125
89.76,0.089049354,0.294464111328125
89.78,0.071151085,0.190826416015625
89.8,0.07790467,0.194793701171875
89.82,0.08164133,0.194793701171875
89.84,0.063264094,0.1859130859375
89.86,0.04182884,0.152557373046875
89.88,0.041003224,0.152008056640625
89.9,0.056461617,0.181396484375
89.92,0.06486722,0.181396484375
89.94,0.06848971,0.181396484375
89.96,0.06304695,0.168487548828125
89.98,0.0799713,0.318389892578125
90.0,0.117450766,0.446685791015625
90.02,0.13063969,0.446685791015625
90.04,0.12204323,0.3814697265625
90.06,0.1024288,0.3814697265625
90.08,0.08327627,0.210845947265625
90.1,0.074483894,0.202789306640625
90.12,0.053364344,0.153961181640625
90.14,0.04346744,0.134674072265625
90.16,0.036856197,0.129638671875
90.18,0.03649316,0.129638671875
90.2,0.033973586,0.087890625
90.22,0.037480876,0.115020751953125
90.24,0.058869526,0.15435791015625
90.26,0.06677248,0.15435791015625
90.28,0.05421678,0.12469482421875
90.3,0.045735165,0.10662841796875
90.32,0.08640745,0.3369140625
90.34,0.12571827,0.38470458984375
90.36,0.13279814,0.38470458984375
90.38,0.119422734,0.3475341796875
90.4,0.11245105,0.36383056640625
90.42,0.105011374,0.36383056640625
90.44,0.09844403,0.36383056640625
90.46,0.08737434,0.313934326171875
90.48,0.0761534,0.273193359375
90.5,0.056382116,0.166259765625
90.52,0.039448675,0.11773681640625
90.54,0.03772708,0.114501953125
90.56,0.04953798,0.123870849609375
90.58,0.053150516,0.123870849609375
90.6,0.04789099,0.111175537109375
90.62,0.037037697,0.105712890625
90.64,0.05822492,0.3944091796875
90.66,0.121534705,0.426055908203125
90.68,0.17020522,0.438385009765625
90.7,0.16349874,0.438385009765625
90.72,0.12924294,0.380950927734375
90.74,0.10120586,0.293731689453125
90.76,0.10425552,0.27001953125
90.78,0.107928194,0.2613525390625
90.8,0.11635395,0.263092041015625
90.82,0.10125482,0.263092041015625
90.84,0.06220582,0.19134521484375
90.86,0.06230354,0.24786376953125
90.88,0.1020507,0.34088134765625
90.9,0.13390249,0.36700439453125
90.92,0.13994049,0.36700439453125
90.94,0.13059317,0.351104736328125
90.96,0.11788493,0.30072021484375
90.98,0.11320451,0.313507080078125
91.0,0.11902711,0.41680908203125
91.02,0.1340985,0.41680908203125
91.04,0.16321385,0.439849853515625
91.06,0.16384512,0.439849853515625
91.08,0.13440156,0.439849853515625
91.1,0.089516245,0.265411376953125
91.12,0.09672909,0.23028564453125
91.14,0.09724691,0.23028564453125
91.16,0.071224235,0.21002197265625
91.18,0.05004767,0.168609619140625
91.2,0.04189158,0.1429443359375
91.22,0.04311186,0.1429443359375
91.24,0.06304855,0.189422607421875
91.26,0.0692961,0.189422607421875
91.28,0.050335668,0.151153564453125
91.3,0.04638709,0.10516357421875
91.32,0.09140586,0.401611328125
91.34,0.12559578,0.401611328125
91.36,0.13509257,0.401611328125
91.38,0.1283025,0.358428955078125
91.4,0.12095397,0.29913330078125
91.42,0.10406884,0.279449462890625
91.44,0.08107932,0.260498046875
91.46,0.056281984,0.15899658203125
91.48,0.046887036,0.128814697265625
91.5,0.04519075,0.128814697265625
91.52,0.049346723,0.14410400390625
91.54,0.072098605,0.197052001953125
91.56,0.08437851,0.21942138671875
91.58,0.080086485,0.21942138671875
91.6,0.057073,0.153289794921875
91.62,0.061321348,0.153289794921875
91.64,0.080803365,0.252227783203125
91.66,0.10623585,0.42498779296875
91.68,0.15913162,0.535308837890625
91.7,0.18271136,0.5906982421875
91.72,0.19043559,0.5906982421875
91.74,0.19678041,0.5906982421875
91.76,0.18261953,0.52337646484375
91.78,0.16856861,0.4912109375
91.8,0.16383371,0.431671142578125
91.82,0.16076869,0.431671142578125
91.84,0.14249752,0.384307861328125
91.86,0.10402034,0.384307861328125
91.88,0.06277262,0.215240478515625
91.9,0.07380776,0.219818115234375
91.92,0.084789515,0.219818115234375
91.94,0.07110891,0.1702880859375
91.96,0.079880066,0.256591796875
91.98,0.107329845,0.3424072265625
92.0,0.13044514,0.417816162109375
92.02,0.15324888,0.5191650390625
92.04,0.1786695,0.54962158203125
92.06,0.18264574,0.54962158203125
92.08,0.17181315,0.515472412109375
92.1,0.15983279,0.43450927734375
92.12,0.15213583,0.417724609375
92.14,0.14650078,0.415008544921875
92.16,0.14740397,0.415008544921875
92.18,0.12647735,0.39599609375
92.2,0.093715735,0.313201904296875
92.22,0.061338145,0.19757080078125
92.24,0.071938135,0.221221923828125
92.26,0.07732085,0.221221923828125
92.28,0.06848297,0.2100830078125
92.3,0.0559049,0.139404296875
92.32,0.087006055,0.435577392578125
92.34,0.14083856,0.66204833984375
92.36,0.18031912,0.66204833984375
92.38,0.19103609,0.66204833984375
92.4,0.17869304,0.503753662109375
92.42,0.17169404,0.459991455078125
92.44,0.1678154,0.47705078125
92.46,0.17265376,0.54644775390625
92.48,0.17581838,0.54644775390625
92.5,0.17663203,0.54644775390625
92.52,0.16737907,0.449462890625
92.54,0.15182646,0.50244140625
92.56,0.14385024,0.50244140625
92.58,0.14523272,0.423736572265625
92.6,0.15009406,0.423736572265625
92.62,0.12614115,0.423736572265625
92.64,0.100871,0.271331787109375
92.66,0.10892219,0.4046630859375
92.68,0.10887529,0.4046630859375
92.7,0.102987275,0.285125732421875
92.72,0.08717975,0.2686767578125
92.74,0.08089877,0.236053466796875
92.76,0.07258573,0.236053466796875
92.78,0.06353274,0.16668701171875
92.8,0.05807918,0.13946533203125
92.82,0.050201688,0.1304931640625
92.84,0.046044055,0.115997314453125
92.86,0.047271654,0.12774658203125
92.88,0.0813369,0.39019775390625
92.9,0.13037236,0.50677490234375
92.92,0.15603931,0.50677490234375
92.94,0.15122965,0.50677490234375
92.96,0.1404541,0.422119140625
92.98,0.1460607,0.473968505859375
93.0,0.17735745,0.495574951171875
93.02,0.18263976,0.495574951171875
93.04,0.1676092,0.439788818359375
93.06,0.14742513,0.425048828125
93.08,0.13318959,0.321990966796875
93.1,0.12915853,0.321990966796875
93.12,0.11539069,0.31903076171875
93.14,0.10274685,0.27972412109375
93.16,0.0875282,0.2816162109375
93.18,0.09120434,0.313385009765625
93.2,0.12211625,0.349365234375
93.22,0.15720023,0.490386962890625
93.24,0.17191756,0.572509765625
93.26,0.16268593,0.572509765625
93.28,0.1454498,0.44598388671875
93.3,0.13153839,0.457183837890625
93.32,0.13775566,0.46826171875
93.34,0.13094349,0.46826171875
93.36,0.09582062,0.38983154296875
93.38,0.06945572,0.183258056640625
93.4,0.066098094,0.17645263671875
93.42,0.058192972,0.17645263671875
93.44,0.041648578,0.1199951171875
93.46,0.039855506,0.1199951171875
93.48,0.036249727,0.098663330078125
93.5,0.043214038,0.17034912109375
93.52,0.0924468,0.472412109375
93.54,0.13091111,0.472412109375
93.56,0.14953588,0.472412109375
93.58,0.14375822,0.453887939453125
93.6,0.14158538,0.453887939453125
93.62,0.14614068,0.42974853515625
93.64,0.16050182,0.520050048828125
93.66,0.16204952,0.520050048828125
93.68,0.15871812,0.520050048828125
93.7,0.14934158,0.4998779296875
93.72,0.14153196,0.4998779296875
93.74,0.12866397,0.39208984375
93.76,0.12239035,0.363372802734375
93.78,0.11869783,0.34503173828125
93.8,0.10468939,0.320098876953125
93.82,0.08642432,0.2718505859375
93.84,0.08777023,0.340789794921875
93.86,0.11612469,0.422576904296875
93.88,0.13416287,0.44305419921875
93.9,0.14367218,0.44305419921875
93.92,0.13432762,0.44305419921875
93.94,0.13321295,0.4373779296875
93.96,0.15472703,0.572265625
93.98,0.1708053,0.572265625
94.0,0.16404343,0.536285400390625
94.02,0.14620915,0.519073486328125
94.04,0.13068517,0.3800048828125
94.06,0.11965626,0.3564453125
94.08,0.11016853,0.353485107421875
94.1,0.10272072,0.353485107421875
94.12,0.08449708,0.2783203125
94.14,0.05165666,0.177703857421875
94.16,0.044218063,0.17218017578125
94.18,0.049964353,0.210113525390625
94.2,0.08743265,0.234832763671875
94.22,0.08981716,0.234832763671875
94.24,0.067992926,0.22100830078125
94.26,0.063653216,0.173431396484375
94.28,0.11137505,0.5350341796875
94.3,0.15464647,0.5350341796875
94.32,0.17164852,0.45758056640625
94.34,0.1682008,0.45758056640625
94.36,0.1578694,0.4595947265625
94.38,0.14892823,0.4595947265625
94.4,0.13026679,0.410858154296875
94.42,0.11650833,0.379364013671875
94.44,0.100871734,0.379364013671875
94.46,0.0895218,0.254150390625
94.48,0.07156484,0.227630615234375
94.5,0.05427722,0.191650390625
94.52,0.06891442,0.19537353515625
94.54,0.08445187,0.226959228515625
94.56,0.083751224,0.226959228515625
94.58,0.058049526,0.131011962890625
94.6,0.08679066,0.36871337890625
94.62,0.14567289,0.53558349609375
94.64,0.1851228,0.53558349609375
94.66,0.17982298,0.510101318359375
94.68,0.16297631,0.4976806640625
94.7,0.1560727,0.4976806640625
94.72,0.1458307,0.402313232421875
94.74,0.133047,0.402313232421875
94.76,0.12420155,0.402313232421875
94.78,0.10009333,0.350738525390625
94.8,0.05800178,0.279022216796875
94.82,0.040905185,0.130462646484375
94.84,0.043513305,0.134735107421875
94.86,0.07416468,0.209716796875
94.88,0.08569237,0.209716796875
94.9,0.07074191,0.205322265625
94.92,0.054561973,0.151702880859375
94.94,0.0923295,0.42388916015625
94.96,0.14249541,0.573822021484375
94.98,0.16854714,0.573822021484375
95.0,0.16469565,0.552154541015625
95.02,0.15669256,0.493743896484375
95.04,0.1564072,0.515045166015625
95.06,0.1468025,0.515045166015625
95.08,0.12981477,0.420745849609375
95.1,0.11804891,0.420745849609375
95.12,0.105253376,0.325225830078125
95.14,0.099606186,0.3150634765625
95.16,0.10958081,0.363250732421875
95.18,0.11760016,0.39776611328125
95.2,0.11812143,0.39776611328125
95.22,0.10283134,0.288848876953125
95.24,0.08582508,0.243255615234375
95.26,0.07969777,0.209686279296875
95.28,0.1084461,0.365509033203125
95.3,0.110037595,0.365509033203125
95.32,0.09692443,0.365509033203125
95.34,0.080489874,0.225494384765625
95.36,0.07532158,0.225494384765625
95.38,0.06046615,0.176055908203125
95.4,0.046850946,0.17108154296875
95.42,0.037414704,0.118896484375
95.44,0.038575035,0.118896484375
95.46,0.039253168,0.118896484375
95.48,0.05089553,0.235504150390625
95.5,0.10486608,0.48504638671875
95.52,0.14471857,0.48504638671875
95.54,0.1496573,0.480865478515625
95.56,0.1319946,0.39019775390625
95.58,0.11946794,0.39019775390625
95.6,0.12848108,0.420318603515625
95.62,0.15683551,0.473052978515625
95.64,0.16692857,0.473052978515625
95.66,0.14706875,0.4251708984375
95.68,0.11556477,0.322509765625
95.7,0.08644387,0.29052734375
95.72,0.063423336,0.16644287109375
95.74,0.056288976,0.138763427734375
95.76,0.048472535,0.132080078125
95.78,0.05241822,0.20733642578125
95.8,0.08632135,0.284515380859375
95.82,0.12662984,0.44287109375
95.84,0.14618443,0.455780029296875
95.86,0.14653867,0.455780029296875
95.88,0.14049385,0.463348388671875
95.9,0.1289074,0.463348388671875
95.92,0.1241401,0.408843994140625
95.94,0.12873141,0.408843994140625
95.96,0.111505896,0.3670654296875
95.98,0.08589807,0.2725830078125
96.0,0.070254184,0.201690673828125
96.02,0.066751555,0.181365966796875
96.04,0.06112835,0.181365966796875
96.06,0.060059812,0.15911865234375
96.08,0.050008975,0.15911865234375
96.1,0.05533162,0.287994384765625
96.12,0.09206235,0.3507080078125
96.14,0.12546076,0.38189697265625
96.16,0.14058818,0.406646728515625
96.18,0.13861816,0.409454345703125
96.2,0.12949343,0.409454345703125
96.22,0.11548433,0.336212158203125
96.24,0.12203527,0.4024658203125
96.26,0.13636541,0.4296875
96.28,0.14488181,0.4296875
96.3,0.13093363,0.371917724609375
96.32,0.11855857,0.330780029296875
96.34,0.116770335,0.349700927734375
96.36,0.111306176,0.349700927734375
96.38,0.106119156,0.349700927734375
96.4,0.09683171,0.335113525390625
96.42,0.08555437,0.325714111328125
96.44,0.09001313,0.381195068359375
96.46,0.110786125,0.381195068359375
96.48,0.13191997,0.428131103515625
96.5,0.12801167,0.428131103515625
96.52,0.109805666,0.428131103515625
96.54,0.10260934,0.325164794921875
96.56,0.13469242,0.560272216796875
96.58,0.1545232,0.560272216796875
96.6,0.14375123,0.560272216796875
96.62,0.13075028,0.374053955078125
96.64,0.11835085,0.331146240234375
96.66,0.10354814,0.331146240234375
96.68,0.07801689,0.2806396484375
96.7,0.057497464,0.26678466796875
96.72,0.04665158,0.114105224609375
96.74,0.046455264,0.114105224609375
96.76,0.043381073,0.1131591796875
96.78,0.04625838,0.134429931640625
96.8,0.073916815,0.18829345703125
96.82,0.075749695,0.18829345703125
96.84,0.06378561,0.1514892578125
96.86,0.061682504,0.149017333984375
96.88,0.1004985,0.41497802734375
96.9,0.13647121,0.437408447265625
96.92,0.16705422,0.46441650390625
96.94,0.16523007,0.46441650390625
96.96,0.1562136,0.45697021484375
96.98,0.14738646,0.45697021484375
97.0,0.15058832,0.45697021484375
97.02,0.15264799,0.429779052734375
97.04,0.14149866,0.429779052734375
97.06,0.124651454,0.342803955078125
97.08,0.11028476,0.247222900390625
97.1,0.10258681,0.2349853515625
97.12,0.08513327,0.2252197265625
97.14,0.06464113,0.2252197265625
97.16,0.06355451,0.153564453125
97.18,0.067290716,0.153564453125
97.2,0.07790738,0.276885986328125
97.22,0.13044809,0.624664306640625
97.24,0.16554143,0.624664306640625
97.26,0.18334468,0.64349365234375
97.28,0.18658818,0.64349365234375
97.3,0.16964112,0.59942626953125
97.32,0.15723573,0.59942626953125
97.34,0.14306451,0.40179443359375
97.36,0.12979755,0.448760986328125
97.38,0.1002627,0.448760986328125
97.4,0.06258881,0.24798583984375
97.42,0.04866485,0.16192626953125
97.44,0.047920737,0.150909423828125
97.46,0.074789025,0.2005615234375
97.48,0.07705,0.2005615234375
97.5,0.044189215,0.12396240234375
97.52,0.03660452,0.126678466796875
97.54,0.084921926,0.49072265625
97.56,0.14170921,0.49072265625
97.58,0.18242307,0.60992431640625
97.6,0.19185925,0.60992431640625
97.62,0.18342964,0.60992431640625
97.64,0.17106736,0.540618896484375
97.66,0.14887115,0.472442626953125
97.68,0.13799368,0.37774658203125
97.7,0.12998945,0.3736572265625
97.72,0.11343876,0.33978271484375
97.74,0.10424124,0.279937744140625
97.76,0.099409886,0.279937744140625
97.78,0.09354387,0.253448486328125
97.8,0.09047977,0.253448486328125
97.82,0.083412394,0.220733642578125
97.84,0.079887375,0.216949462890625
97.86,0.07385085,0.194061279296875
97.88,0.07900546,0.403106689453125
97.9,0.13800256,0.403106689453125
97.92,0.16142389,0.415679931640625
97.94,0.16619483,0.415679931640625
97.96,0.16360721,0.349090576171875
97.98,0.1506699,0.338958740234375
98.0,0.120656975,0.260589599609375
98.02,0.080016255,0.220672607421875
98.04,0.05711955,0.172515869140625
98.06,0.037183058,0.110107421875
98.08,0.051078137,0.22412109375
98.1,0.08346935,0.29644775390625
98.12,0.10539026,0.3140869140625
98.14,0.107179984,0.326141357421875
98.16,0.10299128,0.326141357421875
98.18,0.117540814,0.3875732421875
98.2,0.1396437,0.457366943359375
98.22,0.154903,0.457366943359375
98.24,0.14768739,0.4329833984375
98.26,0.12803185,0.371185302734375
98.28,0.10892472,0.3079833984375
98.3,0.09985714,0.290557861328125
98.32,0.0947092,0.290557861328125
98.34,0.07609067,0.262451171875
98.36,0.068134695,0.347808837890625
98.38,0.09837787,0.347808837890625
98.4,0.1394529,0.444854736328125
98.42,0.15402108,0.499420166015625
98.44,0.15350054,0.499420166015625
98.46,0.14247587,0.499420166015625
98.48,0.13544914,0.467529296875
98.5,0.12543635,0.467529296875
98.52,0.115517594,0.360626220703125
98.54,0.11712944,0.360626220703125
98.56,0.11431728,0.331878662109375
98.58,0.11161306,0.269744873046875
98.6,0.10562069,0.23724365234375
98.62,0.11102919,0.26788330078125
98.64,0.12857555,0.26788330078125
98.66,0.15526205,0.32305908203125
98.68,0.15720528,0.32305908203125
98.7,0.16063558,0.32305908203125
98.72,0.17188734,0.4906005859375
98.74,0.18309928,0.5281982421875
98.76,0.16567536,0.5281982421875
98.78,0.14536688,0.39447021484375
98.8,0.13516353,0.375701904296875
98.82,0.11599993,0.29876708984375
98.84,0.14456925,0.57318115234375
98.86,0.1567666,0.57318115234375
98.88,0.16692553,0.57318115234375
98.9,0.16416991,0.453338623046875
98.92,0.16641104,0.451507568359375
98.94,0.16317579,0.4923095703125
98.96,0.1512353,0.4923095703125
98.98,0.1321299,0.41436767578125
99.0,0.1135605,0.33978271484375
99.02,0.10685988,0.32501220703125
99.04,0.116914436,0.323272705078125
99.06,0.13466257,0.34295654296875
99.08,0.14246944,0.34295654296875
99.1,0.136351,0.340240478515625
99.12,0.11826658,0.342498779296875
99.14,0.110363334,0.342498779296875
99.16,0.12370735,0.37744140625
99.18,0.13985735,0.540313720703125
99.2,0.17868291,0.60638427734375
99.22,0.19143382,0.60638427734375
99.24,0.17538448,0.547607421875
99.26,0.14745028,0.4468994140625
99.28,0.103635386,0.350494384765625
99.3,0.06855788,0.248992919921875
99.32,0.047100913,0.130035400390625
99.34,0.03774789,0.118316650390625
99.36,0.032243337,0.09783935546875
99.38,0.035675853,0.103790283203125
99.4,0.037142742,0.103790283203125
99.42,0.0317777,0.099029541015625
99.44,0.037540063,0.1103515625
99.46,0.062251575,0.40283203125
99.48,0.10755405,0.43511962890625
99.5,0.16534474,0.5740966796875
99.52,0.17951217,0.5740966796875
99.54,0.16089942,0.467010498046875
99.56,0.14457001,0.467010498046875
99.58,0.12553987,0.34759521484375
99.6,0.12925991,0.38873291015625
99.62,0.12803872,0.38873291015625
99.64,0.120239936,0.38873291015625
99.66,0.09693958,0.339996337890625
99.68,0.0645614,0.255645751953125
99.7,0.03408518,0.11907958984375
99.72,0.047225848,0.14605712890625
99.74,0.05224979,0.14605712890625
99.76,0.04582903,0.14605712890625
99.78,0.04500746,0.14093017578125
99.8,0.09246741,0.391693115234375
99.82,0.15929079,0.470245361328125
99.84,0.18697736,0.470245361328125
99.86,0.18438093,0.470245361328125
99.88,0.17119518,0.444549560546875
99.9,0.1534116,0.444549560546875
99.92,0.13436079,0.385650634765625
99.94,0.12441943,0.388916015625
99.96,0.12104115,0.388916015625
99.98,0.09795016,0.375640869140625
100.0,0.05406408,0.213287353515625
100.02,0.034717117,0.1622314453125
100.04,0.037270024,0.15582275390625
100.06,0.051135797,0.15582275390625
100.08,0.059148315,0.141387939453125
100.1,0.057622295,0.141387939453125
100.12,0.060964197,0.26031494140625
100.14,0.113702215,0.483917236328125
100.16,0.16888061,0.606597900390625
100.18,0.19363075,0.606597900390625
100.2,0.19133636,0.636444091796875
100.22,0.17587857,0.636444091796875
100.24,0.15286247,0.413970947265625
100.26,0.1429596,0.434661865234375
100.28,0.14377777,0.434661865234375
100.3,0.15104748,0.4810791015625
100.32,0.1338473,0.4810791015625
100.34,0.117983446,0.392578125
100.36,0.11799872,0.29425048828125
100.38,0.11987083,0.3446044921875
100.4,0.10980623,0.3446044921875
100.42,0.090072684,0.259521484375
100.44,0.074420325,0.2200927734375
100.46,0.075841896,0.21087646484375
100.48,0.08074431,0.227691650390625
100.5,0.07284296,0.227691650390625
100.52,0.07145465,0.227691650390625
100.54,0.06825852,0.185211181640625
100.56,0.067884505,0.1761474609375
100.58,0.07108672,0.19049072265625
100.6,0.06808529,0.19049072265625
100.62,0.04695594,0.19049072265625
100.64,0.031221319,0.109893798828125
100.66,0.032897923,0.139251708984375
100.68,0.06781745,0.28704833984375
100.7,0.11645053,0.433197021484375
100.72,0.13180643,0.433197021484375
100.74,0.11786436,0.329498291015625
100.76,0.11852623,0.34112548828125
100.78,0.12317,0.509063720703125
100.8,0.13995455,0.509063720703125
100.82,0.1371333,0.389068603515625
100.84,0.1324431,0.37408447265625
100.86,0.11056192,0.32537841796875
100.88,0.090842865,0.26806640625
100.9,0.058787618,0.214630126953125
100.92,0.047920313,0.140045166015625
100.94,0.05864055,0.140045166015625
100.96,0.05757679,0.1441650390625
100.98,0.07355813,0.349609375
101.0,0.09630213,0.349609375
101.02,0.13658285,0.450592041015625
101.04,0.15519485,0.450592041015625
101.06,0.16176657,0.450592041015625
101.08,0.14618978,0.41064453125
101.1,0.14114285,0.364501953125
101.12,0.1283723,0.364501953125
101.14,0.11087768,0.351837158203125
101.16,0.11579347,0.2882080078125
101.18,0.10744712,0.2882080078125
101.2,0.07218831,0.2310791015625
101.22,0.059358776,0.153656005859375
101.24,0.05310724,0.13250732421875
101.26,0.053688798,0.13818359375
101.28,0.049845688,0.13818359375
101.3,0.04959451,0.187652587890625
101.32,0.09424375,0.343902587890625
101.34,0.12589256,0.3673095703125
101.36,0.1312137,0.3673095703125
101.38,0.12932868,0.372161865234375
101.4,0.12840213,0.372161865234375
101.42,0.13112095,0.347808837890625
101.44,0.1311212,0.45562744140625
101.46,0.15584396,0.554962158203125
101.48,0.17980497,0.554962158203125
101.5,0.17409022,0.477783203125
101.52,0.15162025,0.415374755859375
101.54,0.13643502,0.415374755859375
101.56,0.124397196,0.335693359375
101.58,0.122050524,0.3731689453125
101.6,0.11017712,0.3731689453125
101.62,0.08765375,0.280120849609375
101.64,0.08557653,0.25323486328125
101.66,0.1069979,0.381744384765625
101.68,0.12674245,0.42364501953125
101.7,0.12102118,0.42364501953125
101.72,0.11117091,0.29315185546875
101.74,0.11452161,0.384429931640625
101.76,0.12926835,0.478240966796875
101.78,0.16456285,0.503631591796875
101.8,0.1834507,0.5096435546875
101.82,0.1613174,0.5096435546875
101.84,0.13709973,0.443572998046875
101.86,0.10589365,0.338653564453125
101.88,0.10015353,0.227386474609375
101.9,0.11146975,0.251617431640625
101.92,0.0972968,0.251617431640625
101.94,0.055098597,0.1431884765625
101.96,0.055028733,0.1612548828125
101.98,0.055111777,0.1612548828125
102.0,0.050806295,0.157928466796875
102.02,0.04487564,0.124481201171875
102.04,0.041967556,0.107330322265625
102.06,0.060227267,0.174713134765625
102.08,0.09343133,0.430572509765625
102.1,0.13504146,0.430572509765625
102.12,0.18061104,0.599517822265625
102.14,0.20299889,0.599517822265625
102.16,0.19156934,0.58245849609375
102.18,0.1596539,0.527008056640625
102.2,0.1392635,0.527008056640625
102.22,0.11407959,0.3443603515625
102.24,0.12435025,0.375732421875
102.26,0.12730828,0.375732421875
102.28,0.11319063,0.313690185546875
102.3,0.098937534,0.2197265625
102.32,0.07611942,0.216949462890625
102.34,0.072431654,0.19293212890625
102.36,0.07586821,0.19293212890625
102.38,0.07435831,0.19293212890625
102.4,0.08222255,0.326385498046875
102.42,0.122421406,0.49407958984375
102.44,0.14725704,0.49407958984375
102.46,0.17030065,0.52154541015625
102.48,0.19973812,0.620758056640625
102.5,0.19114599,0.620758056640625
102.52,0.16293137,0.510772705078125
102.54,0.144041,0.4639892578125
102.56,0.11990805,0.41204833984375
102.58,0.105511956,0.30316162109375
102.6,0.08461475,0.22662353515625
102.62,0.06727415,0.22076416015625
102.64,0.061128277,0.169525146484375
102.66,0.084373824,0.190216064453125
102.68,0.08674019,0.191162109375
102.7,0.07002723,0.191162109375
102.72,0.06565065,0.3226318359375
102.74,0.10600388,0.367645263671875
102.76,0.15280387,0.55120849609375
102.78,0.17788343,0.551483154296875
102.8,0.18745998,0.56402587890625
102.82,0.19504094,0.625030517578125
102.84,0.17851213,0.625030517578125
102.86,0.1724632,0.48004150390625
102.88,0.14535439,0.410247802734375
102.9,0.11873538,0.36651611328125
102.92,0.101289734,0.311309814453125
102.94,0.09095585,0.311309814453125
102.96,0.083079025,0.276458740234375
102.98,0.083582245,0.32818603515625
103.0,0.09500627,0.32818603515625
103.02,0.103907846,0.32818603515625
103.04,0.08076362,0.240478515625
103.06,0.08139989,0.205078125
103.08,0.094862886,0.469146728515625
103.1,0.108357064,0.469146728515625
103.12,0.12541977,0.355499267578125
103.14,0.119894244,0.355499267578125
103.16,0.07365822,0.204925537109375
103.18,0.076082155,0.204925537109375
103.2,0.058098566,0.148834228515625
103.22,0.044635795,0.133209228515625
103.24,0.042990685,0.137725830078125
103.26,0.050827,0.137725830078125
103.28,0.07253091,0.290008544921875
103.3,0.09261941,0.310333251953125
103.32,0.12034158,0.48297119140625
103.34,0.14426339,0.48297119140625
103.36,0.1453639,0.48297119140625
103.38,0.14929722,0.4517822265625
103.4,0.1473592,0.46746826171875
103.42,0.14566407,0.46746826171875
103.44,0.13951774,0.46746826171875
103.46,0.13871084,0.384063720703125
103.48,0.127875,0.384063720703125
103.5,0.11510275,0.3037109375
103.52,0.11254241,0.3037109375
103.54,0.11489372,0.301605224609375
103.56,0.12076122,0.35260009765625
103.58,0.11979321,0.35260009765625
103.6,0.12710476,0.3480224609375
103.62,0.13626082,0.390960693359375
103.64,0.15251781,0.471405029296875
103.66,0.16271624,0.499237060546875
103.68,0.15885015,0.499237060546875
103.7,0.13638055,0.393707275390625
103.72,0.117352694,0.344696044921875
103.74,0.11576312,0.51434326171875
103.76,0.12455566,0.51434326171875
103.78,0.13786386,0.330474853515625
103.8,0.14902888,0.342254638671875
103.82,0.15137245,0.342254638671875
103.84,0.14320791,0.31500244140625
103.86,0.11149346,0.263763427734375
103.88,0.08296731,0.18157958984375
103.9,0.071124196,0.15704345703125
103.92,0.08209365,0.269195556640625
103.94,0.10745108,0.381591796875
103.96,0.1330938,0.42779541015625
103.98,0.14297949,0.5040283203125
104.0,0.13071063,0.5040283203125
104.02,0.1131421,0.373626708984375
104.04,0.115915,0.376220703125
104.06,0.12701567,0.376220703125
104.08,0.15762615,0.4952392578125
104.1,0.16651207,0.4952392578125
104.12,0.16845293,0.5635986328125
104.14,0.15345128,0.5635986328125
104.16,0.12899621,0.39739990234375
104.18,0.13505775,0.39739990234375
104.2,0.12730916,0.35589599609375
104.22,0.105522156,0.342620849609375
104.24,0.08436404,0.285675048828125
104.26,0.09165876,0.393646240234375
104.28,0.114005074,0.393646240234375
104.3,0.12211594,0.394439697265625
104.32,0.113135085,0.3974609375
104.34,0.10922208,0.3974609375
104.36,0.12134571,0.4005126953125
104.38,0.13320507,0.44647216796875
104.4,0.16768616,0.535369873046875
104.42,0.17747524,0.535369873046875
104.44,0.16253209,0.4730224609375
104.46,0.1647126,0.4730224609375
104.48,0.12177555,0.346405029296875
104.5,0.09256196,0.31866455078125
104.52,0.0644991,0.184967041015625
104.54,0.048675943,0.128448486328125
104.56,0.049324386,0.128448486328125
104.58,0.04739998,0.15826416015625
104.6,0.06911871,0.18780517578125
104.62,0.08507889,0.18780517578125
104.64,0.07516766,0.186798095703125
104.66,0.048865218,0.127777099609375
104.68,0.06212146,0.221954345703125
104.7,0.10003535,0.42486572265625
104.72,0.14000691,0.521881103515625
104.74,0.15956396,0.5604248046875
104.76,0.16315,0.5604248046875
104.78,0.14455421,0.433502197265625
104.8,0.13035718,0.433502197265625
104.82,0.122838676,0.39892578125
104.84,0.1115346,0.34271240234375
104.86,0.099845506,0.333404541015625
104.88,0.07985726,0.2659912109375
104.9,0.062359933,0.185760498046875
104.92,0.064895466,0.185760498046875
104.94,0.0721586,0.205902099609375
104.96,0.07191998,0.205902099609375
104.98,0.05610372,0.15765380859375
105.0,0.055783782,0.157684326171875
105.02,0.090337895,0.335845947265625
105.04,0.13111447,0.465545654296875
105.06,0.16196239,0.63800048828125
105.08,0.15648147,0.63800048828125
105.1,0.14083771,0.446197509765625
105.12,0.1303276,0.446197509765625
105.14,0.11543286,0.3236083984375
105.16,0.110009864,0.3236083984375
105.18,0.08576573,0.2603759765625
105.2,0.06132453,0.2393798828125
105.22,0.048544947,0.166290283203125
105.24,0.04788265,0.130828857421875
105.26,0.047115196,0.15545654296875
105.28,0.052681047,0.17718505859375
105.3,0.061593287,0.17718505859375
105.32,0.06715113,0.20013427734375
105.34,0.08376803,0.361053466796875
105.36,0.12313202,0.524139404296875
105.38,0.1518462,0.524139404296875
105.4,0.165885,0.541290283203125
105.42,0.15262303,0.541290283203125
105.44,0.13781685,0.41802978515625
105.46,0.13433918,0.41802978515625
105.48,0.12222801,0.39117431640625
105.5,0.11208531,0.3369140625
105.52,0.105620965,0.3369140625
105.54,0.10197946,0.285247802734375
105.56,0.103354335,0.285247802734375
105.58,0.10327139,0.260009765625
105.6,0.10566174,0.333709716796875
105.62,0.09640318,0.333709716796875
105.64,0.07768508,0.22674560546875
105.66,0.067386165,0.1888427734375
105.68,0.08604497,0.393035888671875
105.7,0.11379411,0.393035888671875
105.72,0.12001675,0.393035888671875
105.74,0.113244504,0.376739501953125
105.76,0.1084831,0.376739501953125
105.78,0.08790132,0.293792724609375
105.8,0.07404656,0.250946044921875
105.82,0.06887444,0.196014404296875
105.84,0.063995875,0.196014404296875
105.86,0.051216263,0.168975830078125
105.88,0.06843323,0.310516357421875
105.9,0.0972992,0.310516357421875
105.92,0.1129752,0.3232421875
105.94,0.119673274,0.3232421875
105.96,0.10692501,0.300048828125
105.98,0.09352061,0.292633056640625
106.0,0.10767646,0.418365478515625
106.02,0.141717,0.4990234375
106.04,0.14906085,0.4990234375
106.06,0.15417396,0.4730224609375
106.08,0.15222006,0.4730224609375
106.1,0.1366998,0.458038330078125
106.12,0.11688655,0.427947998046875
106.14,0.095415406,0.255218505859375
106.16,0.08614514,0.251251220703125
106.18,0.0750667,0.236083984375
106.2,0.09079235,0.319244384765625
106.22,0.11191776,0.35009765625
106.24,0.12949906,0.415435791015625
106.26,0.13744639,0.415435791015625
106.28,0.13631362,0.36895751953125
106.3,0.12681095,0.35125732421875
106.32,0.10972403,0.34246826171875
106.34,0.103176445,0.3697509765625
106.36,0.13058482,0.3802490234375
106.38,0.15326735,0.416534423828125
106.4,0.15896393,0.416534423828125
106.42,0.13350895,0.391845703125
106.44,0.1070001,0.30792236328125
106.46,0.087084435,0.23907470703125
106.48,0.067732416,0.23907470703125
106.5,0.06117708,0.173126220703125
106.52,0.06419886,0.173126220703125
106.54,0.08575275,0.366729736328125
106.56,0.10401257,0.366729736328125
106.58,0.10638318,0.366729736328125
106.6,0.09909324,0.313385009765625
106.62,0.09098952,0.313385009765625
106.64,0.08575033,0.259490966796875
106.66,0.10603644,0.369415283203125
106.68,0.13817021,0.46441650390625
106.7,0.16098644,0.46441650390625
106.72,0.16452143,0.46441650390625
106.74,0.14825816,0.440277099609375
106.76,0.13581707,0.440277099609375
106.78,0.1286438,0.440277099609375
106.8,0.11327441,0.299468994140625
106.82,0.104192235,0.287353515625
106.84,0.08217555,0.221527099609375
106.86,0.088248156,0.3385009765625
106.88,0.104482256,0.3385009765625
106.9,0.11539705,0.35546875
106.92,0.13069889,0.393280029296875
106.94,0.13039841,0.393280029296875
106.96,0.14000286,0.520111083984375
106.98,0.15463199,0.520111083984375
107.0,0.15266657,0.4842529296875
107.02,0.17211166,0.57562255859375
107.04,0.17395107,0.57562255859375
107.06,0.14982186,0.52069091796875
107.08,0.15307458,0.462432861328125
107.1,0.13864413,0.403564453125
107.12,0.13551725,0.403717041015625
107.14,0.12488151,0.403717041015625
107.16,0.096898794,0.286773681640625
107.18,0.09468749,0.286773681640625
107.2,0.09086271,0.275482177734375
107.22,0.09302123,0.275482177734375
107.24,0.08661165,0.275482177734375
107.26,0.062302753,0.179962158203125
107.28,0.056937072,0.157684326171875
107.3,0.07238252,0.406890869140625
107.32,0.11338245,0.43048095703125
107.34,0.15467447,0.462677001953125
107.36,0.17618449,0.497955322265625
107.38,0.17342816,0.522491455078125
107.4,0.1726201,0.5865478515625
107.42,0.15718049,0.5865478515625
107.44,0.14216843,0.448486328125
107.46,0.120536275,0.4229736328125
107.48,0.092958875,0.3812255859375
107.5,0.07017868,0.23394775390625
107.52,0.08500474,0.3192138671875
107.54,0.09859213,0.3192138671875
107.56,0.095362365,0.3192138671875
107.58,0.086225644,0.29058837890625
107.6,0.08044418,0.232147216796875
107.62,0.079738736,0.232147216796875
107.64,0.09769446,0.432037353515625
107.66,0.14398675,0.54443359375
107.68,0.17171611,0.54443359375
107.7,0.1798275,0.54443359375
107.72,0.17510606,0.4271240234375
107.74,0.16709527,0.42559814453125
107.76,0.14948027,0.37762451171875
107.78,0.12717007,0.370697021484375
107.8,0.11272843,0.370697021484375
107.82,0.08789542,0.311126708984375
107.84,0.045209102,0.129547119140625
107.86,0.059795495,0.292755126953125
107.88,0.08219034,0.292755126953125
107.9,0.08253518,0.276763916015625
107.92,0.06936607,0.22357177734375
107.94,0.06566405,0.178192138671875
107.96,0.06451131,0.191009521484375
107.98,0.09181305,0.410003662109375
108.0,0.20279248,0.66473388671875
108.02,0.28401855,0.704986572265625
108.04,0.2812624,0.704986572265625
108.06,0.22919199,0.602020263671875
108.08,0.19723037,0.5203857421875
108.1,0.17997833,0.44775390625
108.12,0.18715012,0.462066650390625
108.14,0.19748819,0.462066650390625
108.16,0.1959722,0.423187255859375
108.18,0.1862004,0.401641845703125
108.2,0.1386087,0.351165771484375
108.22,0.070229165,0.278900146484375
108.24,0.048601575,0.144073486328125
108.26,0.05494905,0.1488037109375
108.28,0.061797794,0.196380615234375
108.3,0.07912314,0.235504150390625
108.32,0.10078618,0.51605224609375
108.34,0.12729904,0.51605224609375
108.36,0.12858967,0.51605224609375
108.38,0.12255418,0.440399169921875
108.4,0.11593407,0.3404541015625
108.42,0.11041449,0.305450439453125
108.44,0.0965151,0.305450439453125
108.46,0.088458955,0.239471435546875
108.48,0.07047378,0.239471435546875
108.5,0.05387535,0.16015625
108.52,0.03869844,0.127349853515625
108.54,0.03552,0.123199462890625
108.56,0.06340209,0.2420654296875
108.58,0.07799543,0.2420654296875
108.6,0.07474101,0.2420654296875
108.62,0.073472954,0.20166015625
108.64,0.08145596,0.27569580078125
108.66,0.11349003,0.375640869140625
108.68,0.14629559,0.423828125
108.7,0.15234685,0.423828125
108.72,0.14230233,0.388031005859375
108.74,0.13186584,0.304168701171875
108.76,0.1253593,0.30328369140625
108.78,0.12212352,0.30328369140625
108.8,0.10269692,0.292877197265625
108.82,0.080638446,0.259246826171875
108.84,0.08528949,0.27398681640625
108.86,0.10630775,0.29632568359375
108.88,0.13354178,0.384002685546875
108.9,0.14630239,0.384002685546875
108.92,0.14142278,0.3822021484375
108.94,0.13624811,0.3822021484375
108.96,0.13401645,0.322479248046875
108.98,0.13798384,0.3836669921875
109.0,0.15183845,0.4947509765625
109.02,0.14634603,0.4947509765625
109.04,0.13558273,0.4947509765625
109.06,0.10709928,0.2894287109375
109.08,0.09540356,0.270904541015625
109.1,0.08695712,0.228240966796875
109.12,0.08246216,0.21990966796875
109.14,0.07148148,0.207550048828125
109.16,0.061343692,0.19683837890625
109.18,0.06246457,0.180145263671875
109.2,0.11998799,0.38616943359375
109.22,0.14062569,0.4254150390625
109.24,0.14057282,0.4254150390625
109.26,0.13962424,0.4114990234375
109.28,0.1382773,0.35870361328125
109.3,0.11898745,0.316436767578125
109.32,0.11061621,0.440032958984375
109.34,0.11935712,0.440032958984375
109.36,0.12173181,0.440032958984375
109.38,0.11790266,0.37371826171875
109.4,0.095740184,0.309478759765625
109.42,0.080965295,0.270172119140625
109.44,0.08441281,0.26104736328125
109.46,0.07586594,0.26104736328125
109.48,0.072699495,0.242156982421875
109.5,0.06264395,0.234039306640625
109.52,0.048727848,0.234039306640625
109.54,0.041316487,0.202117919921875
109.56,0.055560797,0.202117919921875
109.58,0.11464244,0.454864501953125
109.6,0.15018171,0.454864501953125
109.62,0.15533237,0.454864501953125
109.64,0.16276921,0.620330810546875
109.66,0.19801505,0.660247802734375
109.68,0.2303814,0.660247802734375
109.7,0.20631059,0.642913818359375
109.72,0.18614951,0.642913818359375
109.74,0.15957005,0.520904541015625
109.76,0.13215923,0.39581298828125
109.78,0.12146189,0.390960693359375
109.8,0.11490911,0.30291748046875
109.82,0.11035502,0.29559326171875
109.84,0.09536763,0.270416259765625
109.86,0.08319946,0.29095458984375
109.88,0.10220773,0.305816650390625
109.9,0.1103463,0.305816650390625
109.92,0.093443856,0.238006591796875
109.94,0.082668416,0.25909423828125
109.96,0.06897186,0.25909423828125
109.98,0.07885412,0.3009033203125
110.0,0.10849604,0.366241455078125
110.02,0.13085167,0.366241455078125
110.04,0.1290582,0.361602783203125
110.06,0.12250183,0.322723388671875
110.08,0.118264675,0.34423828125
110.1,0.10009825,0.34423828125
110.12,0.09022902,0.34423828125
110.14,0.08455309,0.232452392578125
110.16,0.07417042,0.232452392578125
110.18,0.05704631,0.232452392578125
110.2,0.05225011,0.19952392578125
110.22,0.070411645,0.20855712890625
110.24,0.08384951,0.2991943359375
110.26,0.0847854,0.2991943359375
110.28,0.07548174,0.2119140625
110.3,0.07928773,0.2119140625
110.32,0.08867943,0.398468017578125
110.34,0.12987848,0.612335205078125
110.36,0.14346336,0.612335205078125
110.38,0.15434797,0.612335205078125
110.4,0.14290681,0.432281494140625
110.42,0.11781463,0.432281494140625
110.44,0.09889461,0.316619873046875
110.46,0.0974742,0.30743408203125
110.48,0.08687973,0.25823974609375
110.5,0.067708455,0.19378662109375
110.52,0.06537001,0.19378662109375
110.54,0.059353888,0.1844482421875
110.56,0.060357213,0.1844482421875
110.58,0.06088106,0.1756591796875
110.6,0.065300494,0.168121337890625
110.62,0.063481316,0.168121337890625
110.64,0.07572051,0.31671142578125
110.66,0.110322915,0.484222412109375
110.68,0.13696642,0.484222412109375
110.7,0.14096226,0.39471435546875
110.72,0.12738894,0.371795654296875
110.74,0.11614717,0.330474853515625
110.76,0.11608577,0.378875732421875
110.78,0.10597896,0.378875732421875
110.8,0.090017,0.324127197265625
110.82,0.084125474,0.250091552734375
110.84,0.07175897,0.230804443359375
110.86,0.05763828,0.228424072265625
110.88,0.052759547,0.1822509765625
110.9,0.07399674,0.1822509765625
110.92,0.075303175,0.179962158203125
110.94,0.06466662,0.141845703125
110.96,0.064629465,0.141845703125
110.98,0.07655765,0.315155029296875
111.0,0.09776764,0.3653564453125
111.02,0.11437604,0.3653564453125
111.04,0.10463324,0.3653564453125
111.06,0.08887128,0.23370361328125
111.08,0.08113806,0.23370361328125
111.1,0.077680014,0.180450439453125
111.12,0.06744808,0.180145263671875
111.14,0.0523323,0.137054443359375
111.16,0.04004095,0.104461669921875
111.18,0.03423209,0.104461669921875
111.2,0.037073154,0.151031494140625
111.22,0.05952569,0.266845703125
111.24,0.075221434,0.266845703125
111.26,0.07099337,0.266845703125
111.28,0.06333528,0.18560791015625
111.3,0.06903244,0.20404052734375
111.32,0.06838905,0.20404052734375
111.34,0.10413522,0.4166259765625
111.36,0.1355939,0.4166259765625
111.38,0.15881461,0.4495849609375
111.4,0.15979187,0.4495849609375
111.42,0.14688198,0.4495849609375
111.44,0.12870732,0.36260986328125
111.46,0.12211534,0.36260986328125
111.48,0.11435829,0.36260986328125
111.5,0.09854196,0.32122802734375
111.52,0.08246475,0.2537841796875
111.54,0.062057875,0.24041748046875
111.56,0.045961186,0.14129638671875
111.58,0.06684719,0.195892333984375
111.6,0.07623403,0.195892333984375
111.62,0.07060337,0.201995849609375
111.64,0.061103366,0.201995849609375
111.66,0.067964286,0.43609619140625
111.68,0.11447859,0.43609619140625
111.7,0.12615302,0.43609619140625
111.72,0.10964961,0.432830810546875
111.74,0.08843252,0.26416015625
111.76,0.07265521,0.26416015625
111.78,0.06595054,0.19232177734375
111.8,0.07010761,0.231353759765625
111.82,0.060876593,0.231353759765625
111.84,0.04993395,0.165252685546875
111.86,0.05063848,0.16937255859375
111.88,0.06930564,0.323883056640625
111.9,0.09905788,0.368316650390625
111.92,0.115151316,0.368316650390625
111.94,0.1057737,0.285675048828125
111.96,0.09589773,0.246185302734375
111.98,0.08735898,0.246185302734375
112.0,0.08536559,0.310577392578125
112.02,0.10896484,0.384796142578125
112.04,0.123956986,0.384796142578125
112.06,0.11260888,0.2967529296875
112.08,0.09783454,0.295562744140625
112.1,0.08586386,0.220001220703125
112.12,0.06847805,0.19732666015625
112.14,0.063690744,0.16986083984375
112.16,0.052454807,0.1475830078125
112.18,0.045819055,0.117431640625
112.2,0.041537315,0.114105224609375
112.22,0.0418433,0.12939453125
112.24,0.068026654,0.2156982421875
112.26,0.09490033,0.298431396484375
112.28,0.09152906,0.298431396484375
112.3,0.06386139,0.29052734375
112.32,0.047785565,0.16204833984375
112.34,0.15758006,0.620849609375
112.36,0.2171363,0.672149658203125
112.38,0.21102975,0.672149658203125
112.4,0.18516256,0.516571044921875
112.42,0.1568147,0.466644287109375
112.44,0.13988036,0.418182373046875
112.46,0.123319454,0.418182373046875
112.48,0.09329913,0.306640625
112.5,0.08394545,0.3016357421875
112.52,0.084332995,0.267913818359375
112.54,0.086731344,0.253631591796875
112.56,0.08495647,0.253631591796875
112.58,0.10048756,0.2677001953125
112.6,0.09686497,0.2677001953125
112.62,0.06579385,0.223297119140625
112.64,0.05373156,0.16070556640625
112.66,0.06415548,0.18511962890625
112.68,0.079166554,0.3062744140625
112.7,0.12337369,0.462005615234375
112.72,0.16373552,0.50146484375
112.74,0.18279058,0.512115478515625
112.76,0.17362294,0.512115478515625
112.78,0.15688789,0.4268798828125
112.8,0.14659895,0.4268798828125
112.82,0.14208339,0.365234375
112.84,0.1454472,0.34429931640625
112.86,0.13952397,0.30999755859375
112.88,0.1271937,0.296966552734375
112.9,0.11963678,0.296966552734375
112.92,0.09822593,0.296966552734375
112.94,0.0873007,0.23468017578125
112.96,0.09780855,0.26422119140625
112.98,0.09142023,0.26422119140625
113.0,0.08011591,0.207916259765625
113.02,0.08613574,0.36346435546875
113.04,0.12620635,0.43231201171875
113.06,0.14559028,0.43231201171875
113.08,0.15730777,0.43231201171875
113.1,0.14858213,0.408294677734375
113.12,0.13018763,0.408294677734375
113.14,0.10432028,0.25921630859375
113.16,0.09974294,0.2335205078125
113.18,0.0930517,0.222900390625
113.2,0.08190733,0.19158935546875
113.22,0.07421505,0.175323486328125
113.24,0.07031823,0.249176025390625
113.26,0.08545084,0.282196044921875
113.28,0.09505874,0.282196044921875
113.3,0.08526869,0.282196044921875
113.32,0.0584465,0.202423095703125
113.34,0.063047044,0.2042236328125
113.36,0.0895684,0.339752197265625
113.38,0.1164437,0.339752197265625
113.4,0.16580038,0.455657958984375
113.42,0.17549473,0.455657958984375
113.44,0.14553545,0.413055419921875
113.46,0.121620096,0.3958740234375
113.48,0.112172045,0.336029052734375
113.5,0.10226934,0.25152587890625
113.52,0.09370327,0.2379150390625
113.54,0.0739802,0.2379150390625
113.56,0.049197633,0.169464111328125
113.58,0.04493397,0.13067626953125
113.6,0.05413458,0.13067626953125
113.62,0.052092932,0.1285400390625
113.64,0.04157291,0.1285400390625
113.66,0.04308586,0.11962890625
113.68,0.065612614,0.3267822265625
113.7,0.10381446,0.368408203125
113.72,0.15261233,0.4315185546875
113.74,0.17477691,0.4315185546875
113.76,0.16313401,0.4110107421875
113.78,0.1281613,0.344696044921875
113.8,0.09145608,0.29718017578125
113.82,0.06636736,0.181915283203125
113.84,0.06605793,0.13458251953125
113.86,0.05782061,0.13458251953125
113.88,0.054700866,0.13458251953125
113.9,0.05055949,0.1405029296875
113.92,0.07097686,0.25421142578125
113.94,0.091441356,0.26025390625
113.96,0.092104726,0.26025390625
113.98,0.080011144,0.220733642578125
114.0,0.074327014,0.220733642578125
114.02,0.07843307,0.38690185546875
114.04,0.115324646,0.45245361328125
114.06,0.15519089,0.499298095703125
114.08,0.15988968,0.499298095703125
114.1,0.13138175,0.394561767578125
114.12,0.123665474,0.394561767578125
114.14,0.09748024,0.30035400390625
114.16,0.08124901,0.30035400390625
114.18,0.06513991,0.181640625
114.2,0.068508305,0.181640625
114.22,0.053794526,0.1534423828125
114.24,0.0458915,0.11700439453125
114.26,0.07809475,0.22747802734375
114.28,0.097047456,0.248626708984375
114.3,0.09088606,0.248626708984375
114.32,0.082808435,0.248626708984375
114.34,0.072708316,0.21624755859375
114.36,0.08346669,0.332550048828125
114.38,0.10754303,0.366912841796875
114.4,0.14369543,0.371856689453125
114.42,0.15426478,0.433197021484375
114.44,0.15228458,0.433197021484375
114.46,0.13648273,0.433197021484375
114.48,0.14121902,0.41363525390625
114.5,0.16433786,0.41363525390625
114.52,0.17492686,0.41363525390625
114.54,0.16060974,0.329315185546875
114.56,0.15043119,0.47283935546875
114.58,0.1568013,0.47283935546875
114.6,0.16429162,0.455322265625
114.62,0.14929955,0.455322265625
114.64,0.121412426,0.366485595703125
114.66,0.1070598,0.366485595703125
114.68,0.09710037,0.287841796875
114.7,0.101553395,0.305389404296875
114.72,0.122291915,0.405181884765625
114.74,0.1302784,0.405181884765625
114.76,0.1341126,0.402618408203125
114.78,0.11748885,0.402618408203125
114.8,0.095201455,0.402618408203125
114.82,0.0794661,0.176727294921875
114.84,0.09389125,0.240325927734375
114.86,0.09186305,0.240325927734375
114.88,0.07451484,0.18621826171875
114.9,0.057188116,0.140960693359375
114.92,0.057760615,0.140960693359375
114.94,0.06794963,0.256988525390625
114.96,0.11017757,0.359375
114.98,0.116699435,0.359375
115.0,0.085909925,0.359375
115.02,0.07569364,0.375152587890625
115.04,0.15635692,0.623626708984375
115.06,0.20602432,0.623626708984375
115.08,0.21645404,0.623626708984375
115.1,0.18452081,0.6005859375
115.12,0.16340788,0.6005859375
115.14,0.14297853,0.41314697265625
115.16,0.12714767,0.361297607421875
115.18,0.103589445,0.3551025390625
115.2,0.08272854,0.3551025390625
115.22,0.07557205,0.293853759765625
115.24,0.079243116,0.210968017578125
115.26,0.07824107,0.210968017578125
115.28,0.067820705,0.200531005859375
115.3,0.0644788,0.18511962890625
115.32,0.063583754,0.2122802734375
115.34,0.06645198,0.2122802734375
115.36,0.08399709,0.283721923828125
115.38,0.14944264,0.475555419921875
115.4,0.18868986,0.475555419921875
115.42,0.19320598,0.47113037109375
115.44,0.1808077,0.50762939453125
115.46,0.15481617,0.50762939453125
115.48,0.12344971,0.361419677734375
115.5,0.090370424,0.2864990234375
115.52,0.070095904,0.2685546875
115.54,0.056812063,0.148040771484375
115.56,0.04834461,0.148040771484375
115.58,0.052547332,0.216949462890625
115.6,0.072473444,0.248565673828125
115.62,0.085161164,0.248565673828125
115.64,0.08493551,0.222991943359375
115.66,0.09076202,0.25494384765625
115.68,0.09216051,0.25494384765625
115.7,0.117289566,0.388214111328125
115.72,0.15680513,0.4891357421875
115.74,0.16647549,0.4891357421875
115.76,0.1560956,0.4891357421875
115.78,0.1456934,0.44329833984375
115.8,0.12791568,0.38470458984375
115.82,0.10745189,0.359588623046875
115.84,0.08940684,0.272857666015625
115.86,0.07416665,0.272857666015625
115.88,0.056770444,0.183868408203125
115.9,0.046877466,0.16021728515625
115.92,0.042101134,0.2010498046875
115.94,0.050224848,0.2010498046875
115.96,0.055512797,0.2010498046875
115.98,0.058743432,0.148712158203125
116.0,0.0616033,0.150848388671875
116.02,0.08081473,0.24908447265625
116.04,0.11253919,0.39263916015625
116.06,0.13835074,0.408111572265625
116.08,0.1457016,0.43060302734375
116.1,0.14169753,0.506378173828125
116.12,0.13989817,0.506378173828125
116.14,0.1199073,0.4788818359375
116.16,0.10609587,0.37738037109375
116.18,0.086198136,0.286346435546875
116.2,0.07264095,0.213348388671875
116.22,0.060390927,0.198638916015625
116.24,0.048100222,0.19134521484375
116.26,0.04158605,0.161163330078125
116.28,0.043465503,0.161163330078125
116.3,0.052359637,0.173675537109375
116.32,0.05902627,0.173675537109375
116.34,0.07283663,0.192626953125
116.36,0.06954342,0.192626953125
116.38,0.08981006,0.380615234375
116.4,0.121658035,0.419952392578125
116.42,0.12039876,0.419952392578125
116.44,0.10743534,0.29217529296875
116.46,0.0905935,0.29217529296875
116.48,0.07358064,0.190826416015625
116.5,0.06712751,0.190826416015625
116.52,0.057903755,0.163970947265625
116.54,0.049538992,0.133087158203125
116.56,0.03633706,0.108245849609375
116.58,0.030987525,0.08856201171875
116.6,0.03899329,0.171417236328125
116.62,0.07756752,0.250579833984375
116.64,0.0980969,0.2686767578125
116.66,0.0859115,0.2686767578125
116.68,0.0802307,0.25091552734375
116.7,0.09020233,0.2637939453125
116.72,0.13926108,0.45758056640625
116.74,0.18556866,0.543243408203125
116.76,0.20026486,0.543243408203125
116.78,0.19023855,0.543243408203125
116.8,0.1861182,0.492919921875
116.82,0.17508185,0.492919921875
116.84,0.16048878,0.47076416015625
116.86,0.14542921,0.47076416015625
116.88,0.13304758,0.357421875
116.9,0.10878156,0.357421875
116.92,0.07233619,0.32110595703125
116.94,0.048525747,0.206146240234375
116.96,0.06640577,0.22601318359375
116.98,0.07568844,0.22601318359375
117.0,0.07333763,0.22601318359375
117.02,0.06722255,0.18743896484375
117.04,0.09282427,0.48291015625
117.06,0.1483437,0.48291015625
117.08,0.17244187,0.48291015625
117.1,0.17244105,0.438812255859375
117.12,0.18204111,0.44403076171875
117.14,0.19778763,0.44403076171875
117.16,0.19363017,0.44403076171875
117.18,0.1720464,0.437957763671875
117.2,0.12968153,0.435638427734375
117.22,0.09488583,0.282623291015625
117.24,0.09124399,0.282623291015625
117.26,0.10916477,0.33306884765625
117.28,0.13791542,0.4532470703125
117.3,0.15442145,0.496307373046875
117.32,0.15607037,0.496307373046875
117.34,0.1209623,0.420654296875
117.36,0.08269543,0.258087158203125
117.38,0.090200506,0.39306640625
117.4,0.1304841,0.41070556640625
117.42,0.12983777,0.41070556640625
117.44,0.1064697,0.299957275390625
117.46,0.0890242,0.250732421875
117.48,0.07554007,0.20782470703125
117.5,0.06888378,0.184814453125
117.52,0.059989244,0.1654052734375
117.54,0.051783837,0.160369873046875
117.56,0.039861333,0.1094970703125
117.58,0.04069403,0.137786865234375
117.6,0.0508149,0.16107177734375
117.62,0.082024574,0.24212646484375
117.64,0.10090128,0.27459716796875
117.66,0.096623816,0.27459716796875
117.68,0.076745756,0.24224853515625
117.7,0.1255784,0.6365966796875
117.72,0.17832592,0.6365966796875
117.74,0.20991348,0.6365966796875
117.76,0.20074071,0.57122802734375
117.78,0.17542577,0.522003173828125
117.8,0.15350595,0.438079833984375
117.82,0.1275935,0.3470458984375
117.84,0.115813956,0.3599853515625
117.86,0.10969486,0.3599853515625
117.88,0.100986764,0.355712890625
117.9,0.08147028,0.27996826171875
117.92,0.074233584,0.233795166015625
117.94,0.10138581,0.266632080078125
117.96,0.10086116,0.266632080078125
117.98,0.09115783,0.257720947265625
118.0,0.08174309,0.256866455078125
118.02,0.06416368,0.1751708984375
118.04,0.081371166,0.432037353515625
118.06,0.10850568,0.432037353515625
118.08,0.16104065,0.43963623046875
118.1,0.17120937,0.43963623046875
118.12,0.15522149,0.4337158203125
118.14,0.14940792,0.43511962890625
118.16,0.14108807,0.43511962890625
118.18,0.11864088,0.3900146484375
118.2,0.11245057,0.331329345703125
118.22,0.08976505,0.331329345703125
118.24,0.07556662,0.240203857421875
118.26,0.083575204,0.244354248046875
118.28,0.07743544,0.244354248046875
118.3,0.073154025,0.219879150390625
118.32,0.066924155,0.219879150390625
118.34,0.059216626,0.1676025390625
118.36,0.056851443,0.198760986328125
118.38,0.08901611,0.581298828125
118.4,0.14289491,0.581298828125
118.42,0.17771833,0.4774169921875
118.44,0.18110208,0.4854736328125
118.46,0.1685524,0.4854736328125
118.48,0.14738573,0.475555419921875
118.5,0.11675947,0.381927490234375
118.52,0.10038413,0.31353759765625
118.54,0.0843622,0.31353759765625
118.56,0.0708433,0.222320556640625
118.58,0.06783396,0.16278076171875
118.6,0.066148885,0.27642822265625
118.62,0.08825915,0.27642822265625
118.64,0.08961688,0.247528076171875
118.66,0.085695505,0.247528076171875
118.68,0.07237334,0.227874755859375
118.7,0.08204204,0.276641845703125
118.72,0.095674306,0.29925537109375
118.74,0.11422699,0.315216064453125
118.76,0.15603624,0.487152099609375
118.78,0.16893688,0.487152099609375
118.8,0.17567708,0.54266357421875
118.82,0.17199022,0.54266357421875
118.84,0.13939653,0.431610107421875
118.86,0.10759464,0.32672119140625
118.88,0.07148218,0.252899169921875
118.9,0.049339514,0.14593505859375
118.92,0.038558092,0.109130859375
118.94,0.044192646,0.137451171875
118.96,0.05237244,0.139739990234375
118.98,0.057814203,0.18359375
119.0,0.07246522,0.230224609375
119.02,0.09762806,0.2474365234375
119.04,0.11529201,0.2999267578125
119.06,0.14638388,0.420166015625
119.08,0.16135645,0.44439697265625
119.1,0.15975302,0.44439697265625
119.12,0.13558422,0.389312744140625
119.14,0.12579285,0.389312744140625
119.16,0.1017135,0.318695068359375
119.18,0.09052457,0.24566650390625
119.2,0.09026857,0.24566650390625
119.22,0.089757025,0.24566650390625
119.24,0.08299691,0.232177734375
119.26,0.071336344,0.188995361328125
119.28,0.07429454,0.225799560546875
119.3,0.089356415,0.270782470703125
119.32,0.10217284,0.27197265625
119.34,0.08687654,0.27197265625
119.36,0.06853411,0.2169189453125
119.38,0.06740611,0.202911376953125
119.4,0.098494984,0.4033203125
119.42,0.13576348,0.4033203125
119.44,0.13657185,0.3775634765625
119.46,0.12196631,0.31341552734375
119.48,0.11309977,0.31341552734375
119.5,0.09829784,0.2713623046875
119.52,0.09830648,0.327972412109375
119.54,0.102397606,0.327972412109375
119.56,0.096808456,0.265838623046875
119.58,0.09140594,0.275146484375
119.6,0.07889207,0.275146484375
119.62,0.07784622,0.26641845703125
119.64,0.07852311,0.26641845703125
119.66,0.06956887,0.26641845703125
119.68,0.05097102,0.17315673828125
119.7,0.049279764,0.160186767578125
119.72,0.06989762,0.321563720703125
119.74,0.102008805,0.339263916015625
119.76,0.13888024,0.410552978515625
119.78,0.15970169,0.410552978515625
119.8,0.14304675,0.341400146484375
119.82,0.12041938,0.32525634765625
119.84,0.093690895,0.23944091796875
119.86,0.07666112,0.191680908203125
119.88,0.062554635,0.191680908203125
119.9,0.06032149,0.16546630859375
119.92,0.058529023,0.16546630859375
119.94,0.061469637,0.196929931640625
119.96,0.08712121,0.2579345703125
119.98,0.11570179,0.3408203125
120.0,0.123676874,0.3408203125
120.02,0.13351762,0.3900146484375
120.04,0.13001195,0.3900146484375
120.06,0.12233244,0.471160888671875
120.08,0.13711356,0.471160888671875
120.1,0.1774433,0.471160888671875
120.12,0.17143388,0.413543701171875
120.14,0.13040951,0.413543701171875
120.16,0.10906116,0.258880615234375
120.18,0.09535809,0.258880615234375
120.2,0.07507361,0.188812255859375
120.22,0.095537364,0.19525146484375
120.24,0.091612965,0.19525146484375
120.26,0.08768798,0.18115234375
120.28,0.09652045,0.224853515625
120.3,0.10345618,0.25433349609375
120.32,0.09396193,0.25433349609375
120.34,0.0633254,0.1939697265625
120.36,0.07120493,0.1939697265625
120.38,0.10967565,0.402099609375
120.4,0.15812707,0.4776611328125
120.42,0.18320471,0.48541259765625
120.44,0.16539283,0.48541259765625
120.46,0.17079234,0.48541259765625
120.48,0.15250915,0.482757568359375
120.5,0.12653531,0.46710205078125
120.52,0.09014333,0.278717041015625
120.54,0.0832122,0.23095703125
120.56,0.079048134,0.223785400390625
120.58,0.080125675,0.229888916015625
120.6,0.09462842,0.3665771484375
120.62,0.11014578,0.3665771484375
120.64,0.11027152,0.359405517578125
120.66,0.10206334,0.281494140625
120.68,0.10493194,0.39959716796875
120.7,0.10166641,0.39959716796875
120.72,0.1021855,0.40533447265625
120.74,0.10561391,0.40533447265625
120.76,0.1382766,0.427642822265625
120.78,0.14646158,0.427642822265625
120.8,0.13455874,0.379608154296875
120.82,0.12529084,0.37298583984375
120.84,0.09487011,0.325347900390625
120.86,0.06924193,0.194366455078125
120.88,0.079217695,0.21075439453125
120.9,0.09581488,0.259429931640625
120.92,0.10143743,0.270263671875
120.94,0.088323705,0.270263671875
120.96,0.07798075,0.25445556640625
120.98,0.072260186,0.22381591796875
121.0,0.075380504,0.22381591796875
121.02,0.08940606,0.259307861328125
121.04,0.09713613,0.319061279296875
121.06,0.10184179,0.369171142578125
121.08,0.13106468,0.451019287109375
121.1,0.14699207,0.451019287109375
121.12,0.14503318,0.42218017578125
121.14,0.1372911,0.42218017578125
121.16,0.109999314,0.333099365234375
121.18,0.08338893,0.26556396484375
121.2,0.093057826,0.28631591796875
121.22,0.09898227,0.28631591796875
121.24,0.08570796,0.273284912109375
121.26,0.07052525,0.227203369140625
121.28,0.05575047,0.161102294921875
121.3,0.07049822,0.2183837890625
121.32,0.089494996,0.222808837890625
121.34,0.0842032,0.222808837890625
121.36,0.0847636,0.222137451171875
121.38,0.07919985,0.238311767578125
121.4,0.09644509,0.3807373046875
121.42,0.13027377,0.452484130859375
121.44,0.13705772,0.452484130859375
121.46,0.12712574,0.415191650390625
121.48,0.124034606,0.407501220703125
121.5,0.11014984,0.38580322265625
121.52,0.09597442,0.3067626953125
121.54,0.099687606,0.34344482421875
121.56,0.1049367,0.34344482421875
121.58,0.09593264,0.2435302734375
121.6,0.080541156,0.2435302734375
121.62,0.073523015,0.23651123046875
121.64,0.08138238,0.2459716796875
121.66,0.09144549,0.2459716796875
121.68,0.09117061,0.23956298828125
121.7,0.08111681,0.23394775390625
121.72,0.08257413,0.3297119140625
121.74,0.12468537,0.56365966796875
121.76,0.16742426,0.56365966796875
121.78,0.17764352,0.56365966796875
121.8,0.13903674,0.52587890625
121.82,0.13337228,0.52587890625
121.84,0.121355675,0.3804931640625
121.86,0.11171989,0.3804931640625
121.88,0.10919887,0.319091796875
121.9,0.10048607,0.319091796875
121.92,0.06887602,0.2806396484375
121.94,0.05636923,0.166168212890625
121.96,0.06886138,0.21807861328125
121.98,0.0745072,0.21807861328125
122.0,0.07817727,0.263580322265625
122.02,0.073780976,0.263580322265625
122.04,0.05594784,0.160858154296875
122.06,0.0749869,0.36773681640625
122.08,0.117403366,0.4227294921875
122.1,0.13033324,0.4227294921875
122.12,0.115677975,0.4227294921875
122.14,0.10188428,0.335296630859375
122.16,0.09152661,0.335296630859375
122.18,0.08104858,0.28662109375
122.2,0.08070682,0.28662109375
122.22,0.07693428,0.24224853515625
122.24,0.07123394,0.24224853515625
122.26,0.06174636,0.241302490234375
122.28,0.051277153,0.1337890625
122.3,0.05480685,0.166107177734375
122.32,0.065282024,0.18896484375
122.34,0.06518981,0.18896484375
122.36,0.05662787,0.164886474609375
122.38,0.0698497,0.296173095703125
122.4,0.09186015,0.3587646484375
122.42,0.1243261,0.41790771484375
122.44,0.14963631,0.41790771484375
122.46,0.15205276,0.4002685546875
122.48,0.14439124,0.4002685546875
122.5,0.13855766,0.3953857421875
122.52,0.13939883,0.393585205078125
122.54,0.1360009,0.393585205078125
122.56,0.1383619,0.38677978515625
122.58,0.13442117,0.38677978515625
122.6,0.120329335,0.2681884765625
122.62,0.11800496,0.270355224609375
122.64,0.11065796,0.270355224609375
122.66,0.1059785,0.2850341796875
122.68,0.10572212,0.2850341796875
122.7,0.09165912,0.242401123046875
122.72,0.061276276,0.247802734375
122.74,0.09201923,0.40576171875
122.76,0.119884,0.4246826171875
122.78,0.11543099,0.4246826171875
122.8,0.1028198,0.32000732421875
122.82,0.10466208,0.3084716796875
122.84,0.0889955,0.3084716796875
122.86,0.088947415,0.3084716796875
122.88,0.07526629,0.250579833984375
122.9,0.06677893,0.207183837890625
122.92,0.05478179,0.207183837890625
122.94,0.045319848,0.145416259765625
122.96,0.09294083,0.405670166015625
122.98,0.12904899,0.445037841796875
123.0,0.12392439,0.445037841796875
123.02,0.10831087,0.336822509765625
123.04,0.095309906,0.336822509765625
123.06,0.11677221,0.42962646484375
123.08,0.13932434,0.47698974609375
123.1,0.16349626,0.542510986328125
123.12,0.17256224,0.542510986328125
123.14,0.17099644,0.542510986328125
123.16,0.15550606,0.465606689453125
123.18,0.13224475,0.345611572265625
123.2,0.12157809,0.337646484375
123.22,0.10066844,0.289886474609375
123.24,0.08431062,0.285888671875
123.26,0.091579586,0.219482421875
123.28,0.099761575,0.224945068359375
123.3,0.11015361,0.260467529296875
123.32,0.10367805,0.260467529296875
123.34,0.108339064,0.27362060546875
123.36,0.091536775,0.27362060546875
123.38,0.06747665,0.316680908203125
123.4,0.13105783,0.50811767578125
123.42,0.17595756,0.53759765625
123.44,0.17523447,0.53759765625
123.46,0.15420148,0.4051513671875
123.48,0.14703065,0.421966552734375
123.5,0.13872927,0.421966552734375
123.52,0.11987952,0.3499755859375
123.54,0.095975064,0.283599853515625
123.56,0.074196756,0.283599853515625
123.58,0.052180864,0.137969970703125
123.6,0.049828272,0.12591552734375
123.62,0.059685245,0.146636962890625
123.64,0.05181197,0.146636962890625
123.66,0.030033125,0.093231201171875
123.68,0.023043433,0.0738525390625
123.7,0.02068031,0.06292724609375
123.72,0.019222865,0.052215576171875
123.74,0.021158673,0.058685302734375
123.76,0.020117486,0.058685302734375
123.78,0.01867195,0.04412841796875
123.8,0.016623491,0.04412841796875
123.82,0.014332519,0.0419921875
123.84,0.01340723,0.0419921875
123.86,0.010874497,0.031646728515625
123.88,0.0105070025,0.02471923828125
123.9,0.009547161,0.02471923828125
123.92,0.009455649,0.02496337890625
123.94,0.009042009,0.025390625
123.96,0.0091833295,0.0257568359375
123.98,0.009268322,0.0257568359375
124.0,0.007616961,0.021942138671875
124.02,0.00837653,0.03082275390625
124.04,0.0077403896,0.03082275390625
124.06,0.0065646884,0.018768310546875
124.08,0.006098585,0.017120361328125
124.1,0.0060545714,0.017120361328125
124.12,0.0051450813,0.013336181640625
124.14,0.005598891,0.0150146484375
124.16,0.0053213607,0.0150146484375
124.18,0.005417952,0.017333984375
124.2,0.005521949,0.017333984375
124.22,0.0050576706,0.013946533203125
124.24,0.0050681727,0.013946533203125
124.26,0.005442391,0.014739990234375
124.28,0.0051950132,0.014739990234375
124.3,0.005075402,0.014739990234375
124.32,0.0042593833,0.010223388671875
124.34,0.0040320824,0.010223388671875
124.36,0.0042724474,0.010223388671875
124.38,0.003943581,0.010009765625
124.4,0.0036557557,0.010009765625
124.42,0.0038658183,0.011871337890625
124.44,0.004111734,0.011871337890625
124.46,0.0041951924,0.01275634765625
124.48,0.0043552686,0.01275634765625
124.5,0.0044194385,0.01275634765625
124.52,0.0034491783,0.01019287109375
124.54,0.0031918932,0.007293701171875
124.56,0.0031227767,0.007293701171875
124.58,0.002850178,0.005645751953125
124.6,0.0028810783,0.005645751953125
124.62,0.0027537008,0.00750732421875
124.64,0.00301461,0.00750732421875
124.66,0.0032198902,0.008636474609375
124.68,0.0034452847,0.008636474609375
124.7,0.00325127,0.008758544921875
124.72,0.0042762794,0.014404296875
124.74,0.0053826394,0.015777587890625
124.76,0.04943948,0.350982666015625
124.78,0.07763749,0.350982666015625
124.8,0.123963945,0.343353271484375
124.82,0.12969048,0.343353271484375
124.84,0.117639855,0.343353271484375
124.86,0.11134977,0.353179931640625
124.88,0.10979246,0.353179931640625
124.9,0.10274509,0.310028076171875
124.92,0.109347165,0.314849853515625
124.94,0.11336379,0.314849853515625
124.96,0.10567538,0.279571533203125
124.98,0.0892574,0.220489501953125
125.0,0.07206907,0.26800537109375
125.02,0.06829415,0.26800537109375
125.04,0.072736576,0.247100830078125
125.06,0.06825414,0.247100830078125
125.08,0.06661935,0.236663818359375
125.1,0.06970735,0.267059326171875
125.12,0.069696516,0.267059326171875
125.14,0.06754956,0.269622802734375
125.16,0.087285124,0.269622802734375
125.18,0.11249168,0.314666748046875
125.2,0.12067792,0.314666748046875
125.22,0.11909398,0.286407470703125
125.24,0.11103796,0.2808837890625
125.26,0.105482034,0.274932861328125
125.28,0.095959954,0.270477294921875
125.3,0.072929844,0.26708984375
125.32,0.043773722,0.1397705078125
125.34,0.06977615,0.310302734375
125.36,0.09029204,0.310302734375
125.38,0.09490231,0.310302734375
125.4,0.094759054,0.307159423828125
125.42,0.08946192,0.307159423828125
125.44,0.07886705,0.195159912109375
125.46,0.07446653,0.195159912109375
125.48,0.06634985,0.168914794921875
125.5,0.05237773,0.154052734375
125.52,0.033825524,0.130767822265625
125.54,0.024915064,0.10809326171875
125.56,0.01912186,0.06298828125
125.58,0.016519364,0.048095703125
125.6,0.015811617,0.05108642578125
125.62,0.015170543,0.05108642578125
125.64,0.014234934,0.042327880859375
125.66,0.013374942,0.042327880859375
125.68,0.011534772,0.037078857421875
125.7,0.009930887,0.0286865234375
125.72,0.009071485,0.02484130859375
125.74,0.008632708,0.021942138671875
125.76,0.08023651,0.4407958984375
125.78,0.13577491,0.548004150390625
125.8,0.1573331,0.548004150390625
125.82,0.16341372,0.535308837890625
125.84,0.17549737,0.535308837890625
125.86,0.19629845,0.684478759765625
125.88,0.20227738,0.684478759765625
125.9,0.19754961,0.658477783203125
125.92,0.19984995,0.69488525390625
125.94,0.19214918,0.69488525390625
125.96,0.18788147,0.568267822265625
125.98,0.19311187,0.568267822265625
126.0,0.18127918,0.527069091796875
126.02,0.1775047,0.476837158203125
126.04,0.16493307,0.44677734375
126.06,0.15600313,0.435577392578125
126.08,0.15219583,0.435577392578125
126.1,0.14746305,0.4117431640625
126.12,0.14099371,0.376861572265625
126.14,0.134168,0.425018310546875
126.16,0.13586502,0.441497802734375
126.18,0.13496454,0.441497802734375
126.2,0.13508792,0.37677001953125
126.22,0.13472398,0.37677001953125
126.24,0.13020653,0.34149169921875
126.26,0.12643652,0.350860595703125
126.28,0.12148057,0.363372802734375
126.3,0.117340654,0.363372802734375
126.32,0.118039206,0.336639404296875
126.34,0.11277575,0.326202392578125
126.36,0.12120175,0.655029296875
126.38,0.161229,0.655029296875
126.4,0.17881414,0.655029296875
126.42,0.14707103,0.46697998046875
126.44,0.12574095,0.332977294921875
126.46,0.113022745,0.3319091796875
126.48,0.10398016,0.3394775390625
126.5,0.10282693,0.3394775390625
126.52,0.09188551,0.285308837890625
126.54,0.09037335,0.26995849609375
126.56,0.08527325,0.26995849609375
126.58,0.07616396,0.220458984375
126.6,0.068928525,0.195404052734375
126.62,0.06352581,0.184356689453125
126.64,0.061981622,0.184356689453125
126.66,0.06243849,0.179595947265625
126.68,0.13998058,0.51611328125
126.7,0.18898252,0.539031982421875
126.72,0.20188116,0.539031982421875
126.74,0.16374022,0.53363037109375
126.76,0.113154545,0.350311279296875
126.78,0.10313844,0.273406982421875
126.8,0.09426177,0.2562255859375
126.82,0.08230191,0.22509765625
126.84,0.0738432,0.1790771484375
126.86,0.074312545,0.220367431640625
126.88,0.07346832,0.220367431640625
126.9,0.111680925,0.489990234375
126.92,0.1266405,0.489990234375
126.94,0.11827932,0.410980224609375
126.96,0.09997149,0.410980224609375
126.98,0.08218854,0.25335693359375
127.0,0.07087089,0.25335693359375
127.02,0.06599752,0.217010498046875
127.04,0.06273613,0.197662353515625
127.06,0.05721551,0.197540283203125
127.08,0.054550752,0.198455810546875
127.1,0.055352025,0.198455810546875
127.12,0.049973972,0.198455810546875
127.14,0.041187927,0.122406005859375
127.16,0.035556015,0.107208251953125
127.18,0.039939035,0.10223388671875
127.2,0.042843997,0.13568115234375
127.22,0.08296565,0.41143798828125
127.24,0.15318094,0.49163818359375
127.26,0.1794264,0.49163818359375
127.28,0.1385917,0.36151123046875
127.3,0.10875676,0.327545166015625
127.32,0.08108958,0.2777099609375
127.34,0.07334667,0.195587158203125
127.36,0.13647614,0.5340576171875
127.38,0.15972905,0.5340576171875
127.4,0.13499926,0.3798828125
127.42,0.11164709,0.3427734375
127.44,0.093497604,0.29351806640625
127.46,0.083417445,0.28363037109375
127.48,0.07378369,0.253082275390625
127.5,0.06896533,0.253082275390625
127.52,0.057818115,0.2039794921875
127.54,0.052257933,0.1640625
127.56,0.05377043,0.1640625
127.58,0.049056944,0.145111083984375
127.6,0.041759554,0.127838134765625
127.62,0.03621888,0.113037109375
127.64,0.03732456,0.108917236328125
127.66,0.039727215,0.109588623046875
127.68,0.036690682,0.109588623046875
127.7,0.03781657,0.16400146484375
127.72,0.04814832,0.16400146484375
127.74,0.047869984,0.16143798828125
127.76,0.048744887,0.20172119140625
127.78,0.121017486,0.360931396484375
127.8,0.1401188,0.360931396484375
127.82,0.10204253,0.30712890625
127.84,0.08013895,0.22991943359375
127.86,0.07006282,0.19952392578125
127.88,0.068059355,0.19952392578125
127.9,0.061049253,0.163665771484375
127.92,0.052072797,0.15570068359375
127.94,0.12952025,0.65460205078125
127.96,0.19428977,0.65460205078125
127.98,0.20267777,0.65460205078125
128.0,0.16157286,0.6109619140625
128.02,0.13855739,0.406036376953125
128.04,0.13736147,0.40228271484375
128.06,0.13989651,0.465301513671875
128.08,0.13351293,0.465301513671875
128.1,0.1272456,0.4119873046875
128.12,0.123227045,0.4134521484375
128.14,0.11823158,0.4134521484375
128.16,0.10934922,0.342010498046875
128.18,0.10628868,0.31512451171875
128.2,0.10138348,0.31268310546875
128.22,0.095969774,0.29998779296875
128.24,0.09420952,0.29998779296875
128.26,0.08997321,0.2884521484375
128.28,0.07945211,0.2884521484375
128.3,0.0755663,0.2884521484375
128.32,0.07400409,0.236114501953125
128.34,0.072651684,0.215576171875
128.36,0.07341491,0.215576171875
128.38,0.069263846,0.204742431640625
128.4,0.064220905,0.199066162109375
128.42,0.059343133,0.199066162109375
128.44,0.059250314,0.199066162109375
128.46,0.05579072,0.197418212890625
128.48,0.054166745,0.197418212890625
128.5,0.053045064,0.175689697265625
128.52,0.04993834,0.1751708984375
128.54,0.046575345,0.1610107421875
128.56,0.04459151,0.157623291015625
128.58,0.040877573,0.157623291015625
128.6,0.04007507,0.157623291015625
128.62,0.037348364,0.12249755859375
128.64,0.03425284,0.120208740234375
128.66,0.03255235,0.11444091796875
128.68,0.032633793,0.115631103515625
128.7,0.029526066,0.115631103515625
128.72,0.025801953,0.10638427734375
128.74,0.022284472,0.0849609375
128.76,0.019763798,0.075103759765625
128.78,0.017703053,0.069915771484375
128.8,0.014377157,0.048919677734375
128.82,0.012707331,0.048919677734375
128.84,0.010738407,0.035430908203125
128.86,0.0098623885,0.035430908203125
128.88,0.009507949,0.02825927734375
128.9,0.009617799,0.0316162109375
128.92,0.0083359955,0.0316162109375
128.94,0.0065333615,0.01873779296875
128.96,0.0061487295,0.0198974609375
128.98,0.005855461,0.0198974609375
129.0,0.0061809225,0.021087646484375
129.02,0.0061743623,0.021087646484375
129.04,0.00645408,0.017669677734375
129.06,0.0063418862,0.017669677734375
129.08,0.0054494366,0.014862060546875
129.1,0.0046565835,0.011566162109375
129.12,0.004594585,0.010711669921875
129.14,0.00445871,0.0101318359375
129.16,0.004243586,0.009979248046875
129.18,0.0041162954,0.010650634765625
129.2,0.003721715,0.010650634765625
129.22,0.0033940696,0.009429931640625
129.24,0.003092262,0.008087158203125
129.26,0.003204547,0.008087158203125
129.28,0.0031674807,0.007720947265625
129.3,0.0026650324,0.007415771484375
129.32,0.0023979777,0.005462646484375
129.34,0.0023173061,0.005462646484375
129.36,0.002128492,0.00543212890625
129.38,0.0018350426,0.0042724609375
129.4,0.0017149467,0.00408935546875
129.42,0.0015037507,0.0032958984375
129.44,0.001347657,0.00286865234375
129.46,0.0012453226,0.00286865234375
129.48,0.0011562959,0.00274658203125
129.5,0.00095914846,0.002044677734375
129.52,0.00084622955,0.0018310546875
129.54,0.00078772556,0.001739501953125
129.56,0.0007082268,0.001434326171875
129.58,0.0006119536,0.0010986328125
129.6,0.00051315787,0.000885009765625
129.62,0.0004430748,0.000885009765625
129.64,0.00039094727,0.00067138671875
129.66,0.0003391625,0.0006103515625
129.68,0.00027750593,0.00054931640625
129.7,0.00022493428,0.000396728515625
129.72,0.00018744312,0.00030517578125
129.74,0.00015504207,0.00018310546875
129.76,0.00012018986,0.00018310546875
129.78,8.9323556e-05,0.0001220703125
129.8,8.507888e-05,9.1552734375e-05
129.82,7.316289e-05,9.1552734375e-05
129.84,4.8744914e-05,9.1552734375e-05
129.86,1.0277323e-05,3.0517578125e-05
129.88,0.0,0.0
129.9,0.0,0.0
129.92,0.0,0.0
129.94,0.0,0.0
129.96,0.0,0.0
129.98,0.0,0.0
130.0,0.0,0.0
130.02,0.0,0.0
130.04,0.0,0.0
130.06,0.0,0.0
130.08,0.0,0.0
130.1,0.0,0.0
130.12,0.0,0.0
130.14,0.0,0.0
130.16,0.0,0.0
130.18,0.0,0.0
130.2,0.0,0.0
130.22,0.0,0.0
130.24,0.0,0.0
130.26,0.0,0.0
130.28,0.0,0.0
130.3,0.0,0.0
130.32,0.0,0.0
130.34,0.0,0.0
130.36,0.0,0.0
130.38,0.0,0.0
130.4,0.0,0.0
130.42,0.0,0.0
130.44,0.0,0.0
130.46,0.0,0.0
130.48,0.0,0.0
130.5,0.0,0.0
130.52,0.0,0.0
130.54,0.0,0.0
130.56,0.0,0.0
130.58,0.0,0.0
130.6,0.0,0.0
130.62,0.0,0.0
130.64,0.0,0.0
130.66,0.0,0.0
130.68,0.0,0.0
130.7,0.0,0.0
130.72,0.0,0.0
130.74,0.0,0.0
130.76,0.0,0.0
130.78,0.0,0.0
130.8,0.0,0.0
130.82,0.0,0.0
130.84,0.0,0.0
130.86,0.0,0.0
130.88,0.0,0.0
130.9,0.0,0.0
130.92,0.0,0.0
130.94,0.0,0.0
130.96,0.0,0.0
130.98,0.0,0.0
131.0,0.0,0.0
131.02,0.0,0.0
131.04,0.0,0.0
131.06,0.0,0.0
131.08,0.0,0.0
131.1,0.0,0.0
131.12,0.0,0.0
131.14,0.0,0.0
131.16,0.0,0.0
131.18,0.0,0.0
131.2,0.0,0.0
131.22,0.0,0.0
131.24,0.0,0.0
131.26,0.0,0.0
131.28,0.0,0.0
131.3,0.0,0.0
131.32,0.0,0.0
131.34,0.0,0.0
131.36,0.0,0.0
131.38,0.0,0.0
131.4,0.0,0.0
131.42,0.0,0.0
131.44,0.0,0.0
131.46,0.0,0.0
131.48,0.0,0.0
131.5,0.0,0.0
131.52,0.0,0.0
131.54,0.0,0.0
131.56,0.0,0.0
131.58,0.0,0.0
131.6,0.0,0.0
131.62,0.0,0.0
131.64,0.0,0.0
131.66,0.0,0.0
131.68,0.0,0.0
131.7,0.0,0.0
131.72,0.0,0.0
131.74,0.0,0.0
131.76,0.0,0.0
131.78,0.0,0.0
131.8,0.0,0.0
131.82,0.0,0.0
131.84,0.0,0.0
131.86,0.0,0.0
131.88,0.0,0.0
131.9,0.0,0.0
131.92,0.0,0.0
131.94,0.0,0.0
131.96,0.0,0.0
131.98,0.0,0.0
132.0,0.0,0.0
132.02,0.0,0.0
132.04,0.0,0.0
132.06,0.0,0.0
132.08,0.0,0.0
132.1,0.0,0.0
132.12,0.0,0.0
132.14,0.0,0.0
132.16,0.0,0.0
132.18,0.0,0.0
132.2,0.0,0.0
132.22,0.0,0.0
132.24,0.0,0.0
132.26,0.0,0.0
132.28,0.0,0.0
132.3,0.0,0.0
132.32,0.0,0.0
132.34,0.0,0.0
132.36,0.0,0.0
132.38,0.0,0.0
132.4,0.0,0.0
132.42,0.0,0.0
132.44,0.0,0.0
132.46,0.0,0.0
132.48,0.0,0.0
132.5,0.0,0.0
132.52,0.0,0.0
132.54,0.0,0.0
132.56,0.0,0.0
132.58,0.0,0.0
132.6,0.0,0.0
132.62,0.0,0.0
132.64,0.0,0.0
132.66,0.0,0.0
132.68,0.0,0.0
132.7,0.0,0.0
132.72,0.0,0.0
132.74,0.0,0.0
132.76,0.0,0.0
132.78,0.0,0.0
132.8,0.0,0.0
132.82,0.0,0.0
132.84,0.0,0.0
132.86,0.0,0.0
132.88,0.0,0.0
132.9,0.0,0.0
132.92,0.0,0.0
132.94,0.0,0.0
132.96,0.0,0.0
132.98,0.0,0.0
133.0,0.0,0.0
133.02,0.0,0.0
133.04,0.0,0.0
133.06,0.0,0.0
133.08,0.0,0.0
133.1,0.0,0.0
133.12,0.0,0.0
133.14,0.0,0.0
133.16,0.0,0.0
133.18,0.0,0.0
133.2,0.0,0.0
133.22,0.0,0.0
133.24,0.0,0.0
133.26,0.0,0.0
133.28,0.0,0.0
133.3,0.0,0.0
133.32,0.0,0.0
133.34,0.0,0.0
133.36,0.0,0.0
133.38,0.0,0.0
133.4,0.0,0.0
133.42,0.0,0.0
133.44,0.0,0.0
133.46,0.0,0.0
133.48,0.0,0.0
133.5,0.0,0.0
133.52,0.0,0.0
133.54,0.0,0.0
133.56,0.0,0.0
133.58,0.0,0.0
133.6,0.0,0.0
133.62,0.0,0.0
133.64,0.0,0.0
133.66,0.0,0.0
133.68,0.0,0.0
133.7,0.0,0.0
133.72,0.0,0.0
133.74,0.0,0.0
133.76,0.0,0.0
133.78,0.0,0.0
133.8,0.0,0.0
133.82,0.0,0.0
133.84,0.0,0.0
133.86,0.0,0.0
133.88,0.0,0.0
133.9,0.0,0.0
133.92,0.0,0.0
133.94,0.0,0.0
133.96,0.0,0.0
133.98,0.0,0.0
134.0,0.0,0.0
134.02,0.0,0.0
134.04,0.0,0.0
134.06,0.0,0.0
134.08,0.0,0.0
134.1,0.0,0.0
134.12,0.0,0.0
134.14,0.0,0.0
134.16,0.0,0.0
134.18,0.0,0.0
134.2,0.0,0.0
134.22,0.0,0.0
134.24,0.0,0.0
134.26,0.0,0.0
134.28,0.0,0.0
134.3,0.0,0.0
134.32,0.0,0.0
134.34,0.0,0.0
134.36,0.0,0.0
134.38,0.0,0.0
134.4,0.0,0.0
134.42,0.0,0.0
134.44,0.0,0.0
134.46,0.0,0.0
134.48,0.0,0.0
134.5,0.0,0.0
134.52,0.0,0.0
134.54,0.0,0.0
134.56,0.0,0.0
134.58,0.0,0.0
134.6,0.0,0.0
134.62,0.0,0.0
134.64,0.0,0.0
134.66,0.0,0.0
134.68,0.0,0.0
134.7,0.0,0.0
134.72,0.0,0.0
134.74,0.0,0.0
134.76,0.0,0.0
134.78,0.0,0.0
134.8,0.0,0.0
134.82,0.0,0.0
134.84,0.0,0.0
134.86,0.0,0.0
134.88,0.0,0.0
134.9,0.0,0.0
134.92,0.0,0.0
134.94,0.0,0.0
134.96,0.0,0.0
134.98,0.0,0.0
135.0,0.0,0.0
135.02,0.0,0.0
135.04,0.0,0.0
135.06,0.0,0.0
135.08,0.0,0.0
135.1,0.0,0.0
135.12,0.0,0.0
135.14,0.0,0.0
135.16,0.0,0.0
135.18,0.0,0.0
135.2,0.0,0.0
135.22,0.0,0.0
135.24,0.0,0.0
135.26,0.0,0.0
135.28,0.0,0.0
135.3,0.0,0.0
135.32,0.0,0.0
135.34,0.0,0.0
135.36,0.0,0.0
135.38,0.0,0.0
135.4,0.0,0.0
135.42,0.0,0.0
135.44,0.0,0.0
135.46,0.0,0.0
135.48,0.0,0.0
135.5,0.0,0.0
135.52,0.0,0.0
135.54,0.0,0.0
135.56,0.0,0.0
135.58,0.0,0.0
135.6,0.0,0.0
135.62,0.0,0.0
135.64,0.0,0.0
135.66,0.0,0.0
135.68,0.0,0.0
135.7,0.0,0.0
135.72,0.0,0.0
135.74,0.0,0.0
135.76,0.0,0.0
135.78,0.0,0.0
135.8,0.0,0.0
135.82,0.0,0.0
135.84,0.0,0.0
135.86,0.0,0.0
135.88,0.0,0.0
135.9,0.0,0.0
135.92,0.0,0.0
135.94,0.0,0.0
135.96,0.0,0.0
135.98,0.0,0.0
136.0,0.0,0.0
136.02,0.0,0.0
136.04,0.0,0.0
136.06,0.0,0.0
136.08,0.0,0.0
136.1,0.0,0.0
136.12,0.0,0.0
136.14,0.0,0.0
136.16,0.0,0.0
136.18,0.0,0.0
136.2,0.0,0.0
136.22,0.0,0.0
136.24,0.0,0.0
136.26,0.0,0.0
136.28,0.0,0.0
136.3,0.0,0.0
136.32,0.0,0.0
136.34,0.0,0.0
136.36,0.0,0.0
136.38,0.0,0.0
136.4,0.0,0.0
136.42,0.0,0.0
136.44,0.0,0.0
136.46,0.0,0.0
136.48,0.0,0.0
136.5,0.0,0.0
136.52,0.0,0.0
136.54,0.0,0.0
136.56,0.0,0.0
136.58,0.0,0.0
136.6,0.0,0.0
136.62,0.0,0.0
136.64,0.0,0.0
136.66,0.0,0.0
136.68,0.0,0.0
136.7,0.0,0.0
136.72,0.0,0.0
136.74,0.0,0.0
136.76,0.0,0.0
136.78,0.0,0.0
136.8,0.0,0.0
136.82,0.0,0.0
136.84,0.0,0.0
136.86,0.0,0.0
136.88,0.0,0.0
136.9,0.0,0.0
136.92,0.0,0.0
136.94,0.0,0.0
136.96,0.0,0.0
136.98,0.0,0.0
137.0,0.0,0.0
137.02,0.0,0.0
137.04,0.0,0.0
137.06,0.0,0.0
137.08,0.0,0.0
137.1,0.0,0.0
137.12,0.0,0.0
137.14,0.0,0.0
137.16,0.0,0.0
137.18,0.0,0.0
137.2,0.0,0.0
137.22,0.0,0.0
137.24,0.0,0.0
137.26,0.0,0.0
137.28,0.0,0.0
137.3,0.0,0.0
137.32,0.0,0.0
137.34,0.0,0.0
137.36,0.0,0.0
137.38,0.0,0.0
137.4,0.0,0.0
137.42,0.0,0.0
137.44,0.0,0.0
137.46,0.0,0.0
137.48,0.0,0.0
137.5,0.0,0.0
137.52,0.0,0.0
137.54,0.0,0.0
137.56,0.0,0.0
137.58,0.0,0.0
137.6,0.0,0.0
137.62,0.0,0.0
137.64,0.0,0.0
137.66,0.0,0.0
137.68,0.0,0.0
137.7,0.0,0.0
137.72,0.0,0.0
137.74,0.0,0.0
137.76,0.0,0.0
137.78,0.0,0.0
137.8,0.0,0.0
137.82,0.0,0.0
137.84,0.0,0.0
137.86,0.0,0.0
137.88,0.0,0.0
137.9,0.0,0.0
137.92,0.0,0.0
137.94,0.0,0.0
137.96,0.0,0.0
137.98,0.0,0.0
138.0,0.0,0.0
138.02,0.0,0.0
138.04,0.0,0.0
138.06,0.0,0.0
138.08,0.0,0.0
138.1,0.0,0.0
138.12,0.0,0.0
138.14,0.0,0.0
138.16,0.0,0.0
138.18,0.0,0.0
138.2,0.0,0.0
138.22,0.0,0.0
138.24,0.0,0.0
138.26,0.0,0.0
138.28,0.0,0.0
138.3,0.0,0.0
138.32,0.0,0.0
138.34,0.0,0.0
138.36,0.0,0.0
138.38,0.0,0.0
138.4,0.0,0.0
138.42,0.0,0.0
138.44,0.0,0.0
138.46,0.0,0.0
138.48,0.0,0.0
138.5,0.0,0.0
138.52,0.0,0.0
138.54,0.0,0.0
138.56,0.0,0.0
138.58,0.0,0.0
138.6,0.0,0.0
138.62,0.0,0.0
138.64,0.0,0.0
138.66,0.0,0.0
138.68,0.0,0.0
138.7,0.0,0.0
138.72,0.0,0.0
138.74,0.0,0.0
138.76,0.0,0.0
138.78,0.0,0.0
138.8,0.0,0.0
138.82,0.0,0.0
138.84,0.0,0.0
138.86,0.0,0.0
138.88,0.0,0.0
138.9,0.0,0.0
138.92,0.0,0.0
138.94,0.0,0.0
138.96,0.0,0.0
138.98,0.0,0.0
139.0,0.0,0.0
139.02,0.0,0.0
139.04,0.0,0.0
139.06,0.0,0.0
139.08,0.0,0.0
139.1,0.0,0.0
139.12,0.0,0.0
139.14,0.0,0.0
139.16,0.0,0.0
139.18,0.0,0.0
139.2,0.0,0.0
139.22,0.0,0.0
139.24,0.0,0.0
139.26,0.0,0.0
139.28,0.0,0.0
139.3,0.0,0.0
139.32,0.0,0.0
139.34,0.0,0.0
139.36,0.0,0.0
139.38,0.0,0.0
139.4,0.0,0.0
139.42,0.0,0.0
139.44,0.0,0.0
139.46,0.0,0.0
139.48,0.0,0.0
139.5,0.0,0.0
139.52,0.0,0.0
139.54,0.0,0.0
139.56,0.0,0.0
139.58,0.0,0.0
139.6,0.0,0.0
139.62,0.0,0.0
139.64,0.0,0.0
139.66,0.0,0.0
139.68,0.0,0.0
139.7,0.0,0.0
139.72,0.0,0.0
139.74,0.0,0.0
139.76,0.0,0.0
139.78,0.0,0.0
139.8,0.0,0.0
139.82,0.0,0.0
139.84,0.0,0.0
139.86,0.0,0.0
139.88,0.0,0.0
139.9,0.0,0.0
139.92,0.0,0.0
139.94,0.0,0.0
139.96,0.0,0.0
139.98,0.0,0.0
140.0,0.0,0.0
140.02,0.0,0.0
140.04,0.0,0.0
140.06,0.0,0.0
140.08,0.0,0.0
140.1,0.0,0.0
140.12,0.0,0.0
140.14,0.0,0.0
140.16,0.0,0.0
140.18,0.0,0.0
140.2,0.0,0.0
140.22,0.0,0.0
140.24,0.0,0.0
140.26,0.0,0.0
140.28,0.0,0.0
140.3,0.0,0.0
140.32,0.0,0.0
140.34,0.0,0.0
140.36,0.0,0.0
140.38,0.0,0.0
140.4,0.0,0.0
140.42,0.0,0.0
140.44,0.0,0.0
140.46,0.0,0.0
140.48,0.0,0.0
140.5,0.0,0.0
140.52,0.0,0.0
140.54,0.0,0.0
140.56,0.0,0.0
140.58,0.0,0.0
140.6,0.0,0.0
140.62,0.0,0.0
140.64,0.0,0.0
140.66,0.0,0.0
140.68,0.0,0.0
140.7,0.0,0.0
140.72,0.0,0.0
140.74,0.0,0.0
140.76,0.0,0.0
140.78,0.0,0.0
140.8,0.0,0.0
140.82,0.0,0.0
140.84,0.0,0.0
140.86,0.0,0.0
140.88,0.0,0.0
140.9,0.0,0.0
140.92,0.0,0.0
140.94,0.0,0.0
140.96,0.0,0.0
140.98,0.0,0.0
141.0,0.0,0.0
141.02,0.0,0.0
141.04,0.0,0.0
141.06,0.0,0.0
141.08,0.0,0.0
141.1,0.0,0.0
141.12,0.0,0.0
141.14,0.0,0.0
141.16,0.0,0.0
141.18,0.0,0.0
141.2,0.0,0.0
141.22,0.0,0.0
141.24,0.0,0.0
141.26,0.0,0.0
141.28,0.0,0.0
141.3,0.0,0.0
141.32,0.0,0.0
141.34,0.0,0.0
141.36,0.0,0.0
141.38,0.0,0.0
141.4,0.0,0.0
141.42,0.0,0.0
141.44,0.0,0.0
141.46,0.0,0.0
141.48,0.0,0.0
141.5,0.0,0.0
141.52,0.0,0.0
141.54,0.0,0.0
141.56,0.0,0.0
141.58,0.0,0.0
141.6,0.0,0.0
141.62,0.0,0.0
141.64,0.0,0.0
141.66,0.0,0.0
141.68,0.0,0.0
141.7,0.0,0.0
141.72,0.0,0.0
141.74,0.0,0.0
141.76,0.0,0.0
141.78,0.0,0.0
141.8,0.0,0.0
141.82,0.0,0.0
141.84,0.0,0.0
141.86,0.0,0.0
141.88,0.0,0.0
141.9,0.0,0.0
141.92,0.0,0.0
141.94,0.0,0.0
141.96,0.0,0.0
141.98,0.0,0.0
142.0,0.0,0.0
142.02,0.0,0.0
142.04,0.0,0.0
142.06,0.0,0.0
142.08,0.0,0.0
142.1,0.0,0.0
142.12,0.0,0.0
142.14,0.0,0.0
142.16,0.0,0.0
142.18,0.0,0.0
142.2,0.0,0.0
142.22,0.0,0.0
142.24,0.0,0.0
142.26,0.0,0.0
142.28,0.0,0.0
142.3,0.0,0.0
142.32,0.0,0.0
142.34,0.0,0.0
142.36,0.0,0.0
142.38,0.0,0.0
142.4,0.0,0.0
142.42,0.0,0.0
142.44,0.0,0.0
142.46,0.0,0.0
142.48,0.0,0.0
142.5,0.0,0.0
142.52,0.0,0.0
142.54,0.0,0.0
142.56,0.0,0.0
142.58,0.0,0.0
142.6,0.0,0.0
142.62,0.0,0.0
142.64,0.0,0.0
142.66,0.0,0.0
142.68,0.0,0.0
142.7,0.0,0.0
142.72,0.0,0.0
142.74,0.0,0.0
142.76,0.0,0.0
142.78,0.0,0.0
142.8,0.0,0.0
142.82,0.0,0.0
142.84,0.0,0.0
142.86,0.0,0.0
142.88,0.0,0.0
142.9,0.0,0.0
142.92,0.0,0.0
142.94,0.0,0.0
142.96,0.0,0.0
142.98,0.0,0.0
143.0,0.0,0.0
143.02,0.0,0.0
143.04,0.0,0.0
143.06,0.0,0.0
143.08,0.0,0.0
143.1,0.0,0.0
143.12,0.0,0.0
143.14,0.0,0.0
143.16,0.0,0.0
143.18,0.0,0.0
143.2,0.0,0.0
143.22,0.0,0.0
143.24,0.0,0.0
143.26,0.0,0.0
143.28,0.0,0.0
143.3,0.0,0.0
143.32,0.0,0.0
143.34,0.0,0.0
143.36,0.0,0.0
143.38,0.0,0.0
143.4,0.0,0.0
143.42,0.0,0.0
143.44,0.0,0.0
143.46,0.0,0.0
143.48,0.0,0.0
143.5,0.0,0.0
143.52,0.0,0.0
143.54,0.0,0.0
143.56,0.0,0.0
143.58,0.0,0.0
143.6,0.0,0.0
143.62,0.0,0.0
143.64,0.0,0.0
143.66,0.0,0.0
143.68,0.0,0.0
143.7,0.0,0.0
143.72,0.0,0.0
143.74,0.0,0.0
143.76,0.0,0.0
143.78,0.0,0.0
143.8,0.0,0.0
143.82,0.0,0.0
143.84,0.0,0.0
143.86,0.0,0.0
143.88,0.0,0.0
143.9,0.0,0.0
143.92,0.0,0.0
143.94,0.0,0.0
143.96,0.0,0.0
143.98,0.0,0.0
144.0,0.0,0.0
144.02,0.0,0.0
144.04,0.0,0.0
144.06,0.0,0.0
144.08,0.0,0.0
144.1,0.0,0.0
144.12,0.0,0.0
144.14,0.0,0.0
144.16,0.0,0.0
144.18,0.0,0.0
144.2,0.0,0.0
144.22,0.0,0.0
144.24,0.0,0.0
144.26,0.0,0.0
144.28,0.0,0.0
144.3,0.0,0.0
144.32,0.0,0.0
144.34,0.0,0.0
144.36,0.0,0.0
144.38,0.0,0.0
144.4,0.0,0.0
144.42,0.0,0.0
144.44,0.0,0.0
144.46,0.0,0.0
144.48,0.0,0.0
144.5,0.0,0.0
144.52,0.0,0.0
144.54,0.0,0.0
144.56,0.0,0.0
144.58,0.0,0.0
144.6,0.0,0.0
144.62,0.0,0.0
144.64,0.0,0.0
144.66,0.0,0.0
144.68,0.0,0.0
144.7,0.0,0.0
144.72,0.0,0.0
144.74,0.0,0.0
144.76,0.0,0.0
144.78,0.0,0.0
144.8,0.0,0.0
144.82,0.0,0.0
144.84,0.0,0.0
144.86,0.0,0.0
144.88,0.0,0.0
144.9,0.0,0.0
144.92,0.0,0.0
144.94,0.0,0.0
144.96,0.0,0.0
144.98,0.0,0.0
145.0,0.0,0.0
145.02,0.0,0.0
145.04,0.0,0.0
145.06,0.0,0.0
145.08,0.0,0.0
145.1,0.0,0.0
145.12,0.0,0.0
145.14,0.0,0.0
145.16,0.0,0.0
145.18,0.0,0.0
145.2,0.0,0.0
145.22,0.0,0.0
145.24,0.0,0.0
145.26,0.0,0.0
145.28,0.0,0.0
145.3,0.0,0.0
145.32,0.0,0.0
145.34,0.0,0.0
145.36,0.0,0.0
145.38,0.0,0.0
145.4,0.0,0.0
145.42,0.0,0.0
145.44,0.0,0.0
145.46,0.0,0.0
145.48,0.0,0.0
145.5,0.0,0.0
145.52,0.0,0.0
145.54,0.0,0.0
145.56,0.0,0.0
145.58,0.0,0.0
145.6,0.0,0.0
145.62,0.0,0.0
145.64,0.0,0.0
145.66,0.0,0.0
145.68,0.0,0.0
145.7,0.0,0.0
145.72,0.0,0.0
145.74,0.0,0.0
145.76,0.0,0.0
145.78,0.0,0.0
145.8,0.0,0.0
145.82,0.0,0.0
145.84,0.0,0.0
145.86,0.0,0.0
145.88,0.0,0.0
145.9,0.0,0.0
145.92,0.0,0.0
145.94,0.0,0.0
145.96,0.0,0.0
145.98,0.0,0.0
146.0,0.0,0.0
146.02,0.0,0.0
146.04,0.0,0.0
146.06,0.0,0.0
146.08,0.0,0.0
146.1,0.0,0.0
146.12,0.0,0.0
146.14,0.0,0.0
146.16,0.0,0.0
146.18,0.0,0.0
146.2,0.0,0.0
146.22,0.0,0.0
146.24,0.0,0.0
146.26,0.0,0.0
146.28,0.0,0.0
146.3,0.0,0.0
146.32,0.0,0.0
146.34,0.0,0.0
146.36,0.0,0.0
146.38,0.0,0.0
146.4,0.0,0.0
146.42,0.0,0.0
146.44,0.0,0.0
146.46,0.0,0.0
146.48,0.0,0.0
146.5,0.0,0.0
146.52,0.0,0.0
146.54,0.0,0.0
146.56,0.0,0.0
146.58,0.0,0.0
146.6,0.0,0.0
146.62,0.0,0.0
146.64,0.0,0.0
146.66,0.0,0.0
146.68,0.0,0.0
146.7,0.0,0.0
146.72,0.0,0.0
146.74,0.0,0.0
146.76,0.0,0.0
146.78,0.0,0.0
146.8,0.0,0.0
146.82,0.0,0.0
146.84,0.0,0.0
146.86,0.0,0.0
146.88,0.0,0.0
146.9,0.0,0.0
146.92,0.0,0.0
146.94,0.0,0.0
146.96,0.0,0.0
146.98,0.0,0.0
147.0,0.0,0.0
147.02,0.0,0.0
147.04,0.0,0.0
147.06,0.0,0.0
147.08,0.0,0.0
147.1,0.0,0.0
147.12,0.0,0.0
147.14,0.0,0.0
147.16,0.0,0.0
147.18,0.0,0.0
147.2,0.0,0.0
147.22,0.0,0.0
147.24,0.0,0.0
147.26,0.0,0.0
147.28,0.0,0.0
147.3,0.0,0.0
147.32,0.0,0.0
147.34,0.0,0.0
147.36,0.0,0.0
147.38,0.0,0.0
147.4,0.0,0.0
147.42,0.0,0.0
147.44,0.0,0.0
147.46,0.0,0.0
147.48,0.0,0.0
147.5,0.0,0.0
147.52,0.0,0.0
147.54,0.0,0.0
147.56,0.0,0.0
147.58,0.0,0.0
147.6,0.0,0.0
147.62,0.0,0.0
147.64,0.0,0.0
147.66,0.0,0.0
147.68,0.0,0.0
147.7,0.0,0.0
147.72,0.0,0.0
147.74,0.0,0.0
147.76,0.0,0.0
147.78,0.0,0.0
147.8,0.0,0.0
147.82,0.0,0.0
147.84,0.0,0.0
147.86,0.0,0.0
147.88,0.0,0.0
147.9,0.0,0.0
147.92,0.0,0.0
147.94,0.0,0.0
147.96,0.0,0.0
147.98,0.0,0.0
148.0,0.0,0.0
148.02,0.0,0.0
148.04,0.0,0.0
148.06,0.0,0.0
148.08,0.0,0.0
148.1,0.0,0.0
148.12,0.0,0.0
148.14,0.0,0.0
148.16,0.0,0.0
148.18,0.0,0.0
148.2,0.0,0.0
148.22,0.0,0.0
148.24,0.0,0.0
148.26,0.0,0.0
148.28,0.0,0.0
148.3,0.0,0.0
148.32,0.0,0.0
148.34,0.0,0.0
148.36,0.0,0.0
148.38,0.0,0.0
148.4,0.0,0.0
148.42,0.0,0.0
148.44,0.0,0.0
148.46,0.0,0.0
148.48,0.0,0.0
148.5,0.0,0.0
148.52,0.0,0.0
148.54,0.0,0.0
148.56,0.0,0.0
148.58,0.0,0.0
148.6,0.0,0.0
148.62,0.0,0.0
148.64,0.0,0.0
148.66,0.0,0.0
148.68,0.0,0.0
148.7,0.0,0.0
148.72,0.0,0.0
148.74,0.0,0.0
148.76,0.0,0.0
148.78,0.0,0.0
148.8,0.0,0.0
148.82,0.0,0.0
148.84,0.0,0.0
148.86,0.0,0.0
148.88,0.0,0.0
148.9,0.0,0.0
148.92,0.0,0.0
148.94,0.0,0.0
148.96,0.0,0.0
148.98,0.0,0.0
149.0,0.0,0.0
149.02,0.0,0.0
149.04,0.0,0.0
149.06,0.0,0.0
149.08,0.0,0.0
149.1,0.0,0.0
149.12,0.0,0.0
149.14,0.0,0.0
149.16,0.0,0.0
149.18,0.0,0.0
149.2,0.0,0.0
149.22,0.0,0.0
149.24,0.0,0.0
149.26,0.0,0.0
149.28,0.0,0.0
149.3,0.0,0.0
149.32,0.0,0.0
149.34,0.0,0.0
149.36,0.0,0.0
149.38,0.0,0.0
149.4,0.0,0.0
149.42,0.0,0.0
149.44,0.0,0.0
149.46,0.0,0.0
149.48,0.0,0.0
149.5,0.0,0.0
149.52,0.0,0.0
149.54,0.0,0.0
149.56,0.0,0.0
149.58,0.0,0.0
149.6,0.0,0.0
149.62,0.0,0.0
149.64,0.0,0.0
149.66,0.0,0.0
149.68,0.0,0.0
149.7,0.0,0.0
149.72,0.0,0.0
149.74,0.0,0.0
149.76,0.0,0.0
149.78,0.0,0.0
149.8,0.0,0.0
149.82,0.0,0.0
149.84,0.0,0.0
149.86,0.0,0.0
149.88,0.0,0.0
149.9,0.0,0.0
149.92,0.0,0.0
149.94,0.0,0.0
149.96,0.0,0.0
149.98,0.0,0.0
150.0,0.0,0.0
150.02,0.0,0.0
150.04,0.0,0.0
